01100101  0.0013927576
00101100  7.4994646E-4
01100100  0.0013927576
00100011  8.570816E-4
00100010  8.570816E-4
00000001  0.02571245
00000000  0.07220913
10000001  9.6421683E-4
01111110  0.0012856225
01111111  0.001071352
00011011  0.01607028
10000010  2.142704E-4
10001100  0.0024641098
10000011  7.4994646E-4
00000010  0.017784445
01011101  0.0012856225
01010011  0.022176987
01011100  0.001071352
01010010  0.016713092
00100001  4.285408E-4
11010010  1.071352E-4
11011101  1.071352E-4
10101111  1.071352E-4
00100000  0.0012856225
00001101  0.015213199
00000011  0.014998929
00001100  0.025819585
00110101  5.35676E-4
10000111  0.002571245
10011010  0.002571245
10011011  0.0019284337
00110100  2.142704E-4
11000101  4.285408E-4
01001011  0.0022498392
11000100  2.142704E-4
01110010  2.142704E-4
01111100  3.2140562E-4
01110011  2.142704E-4
10011001  5.35676E-4
10000000  8.570816E-4
00001110  0.007285194
01010001  0.004178273
01010000  0.0059995716
00100111  6.4281124E-4
11011111  3.2140562E-4
11011110  1.071352E-4
00101000  5.35676E-4
00101001  5.35676E-4
01100001  1.071352E-4
10101001  2.142704E-4
00001111  0.0103921145
10000100  0.0013927576
10011000  0.0011784872
10000101  0.0016070281
00111001  6.4281124E-4
01001001  0.021641312
01001000  0.0048210844
11001001  0.0039640027
11001010  0.0012856225
01111011  2.142704E-4
01001010  0.0016070281
00111010  5.35676E-4
10110000  1.071352E-4
00111011  1.071352E-4
00010101  0.011892008
10011111  6.4281124E-4
00010100  0.013820441
10000110  0.0016070281
00001000  0.013070495
01010111  6.4281124E-4
01010110  0.0049282196
11100011  3.2140562E-4
01100010  2.142704E-4
11010111  4.285408E-4
01100110  0.0013927576
00101110  5.35676E-4
01100111  1.071352E-4
00101111  6.4281124E-4
00001001  0.014998929
10011110  5.35676E-4
01001111  0.013927577
01001110  0.0209985
01111010  6.4281124E-4
01111000  7.4994646E-4
01111001  0.0013927576
00010110  0.022069853
10011100  0.0022498392
10010011  9.6421683E-4
00010111  0.020034283
10011101  0.0017141632
01010100  0.022391258
00001011  0.019712878
00001010  0.018855795
00101101  6.4281124E-4
01010101  0.020677095
01101111  0.002571245
10010010  2.142704E-4
00110011  2.142704E-4
00111100  6.4281124E-4
00111101  5.35676E-4
01000011  0.008463681
01001100  0.015213199
01000010  0.0077137346
11000011  1.071352E-4
11001100  1.071352E-4
01001101  0.009749304
11001101  1.071352E-4
11001110  0.001071352
01110100  1.071352E-4
01110101  1.071352E-4
00010000  0.019927148
00111110  6.4281124E-4
10010000  2.142704E-4
00010001  0.026462395
10010001  4.285408E-4
01101000  2.142704E-4
00101010  0.004178273
01100011  0.0019284337
01101100  5.35676E-4
01101101  4.285408E-4
00111111  4.285408E-4
01000000  0.003106921
11001111  1.071352E-4
01000001  0.020141419
11001000  0.0012856225
00011100  0.019927148
00010011  0.010820656
00010010  0.01071352
00111000  4.285408E-4
10001010  3.2140562E-4
10001011  0.0013927576
10010110  1.071352E-4
00011101  0.020462824
01011011  5.35676E-4
01011010  0.0018212985
01101110  7.4994646E-4
11010100  2.142704E-4
11010101  3.2140562E-4
00100110  0.001071352
00000101  0.015106064
00000100  0.02121277
00110110  0.0012856225
00110111  3.2140562E-4
01000110  0.0044996785
11000110  2.142704E-4
01000111  0.0037497322
11000111  6.4281124E-4
01110000  7.4994646E-4
00011111  0.013713306
10010101  6.4281124E-4
00011110  0.010927791
10001000  0.0014998929
10010100  5.35676E-4
10001001  6.4281124E-4
01011001  0.0024641098
01011000  0.0034283265
00100101  3.2140562E-4
00100100  1.071352E-4
11011001  1.071352E-4
11011000  5.35676E-4
10100101  1.071352E-4
01101001  7.4994646E-4
00000111  0.026462395
00000110  0.025176773
10001101  0.0011784872
00011010  0.020462824
00110000  4.285408E-4
00110001  0.0011784872
01000101  0.04349689
11000000  7.4994646E-4
01000100  0.010820656
11110011  1.071352E-4
11000010  1.071352E-4
01110111  1.071352E-4
00011001  0.01296336
00011000  0.010820656
00110010  3.2140562E-4
10001110  9.6421683E-4
10001111  0.0012856225
01011111  0.002571245
01011110  0.0022498392
01101010  1.071352E-4
01101011  4.285408E-4
11011011  3.2140562E-4