11110001011000001101111011100101010011000000001010111001100001010100000100011101
11001010100000001011011001010101111101011000011010110101010011011101110001111010
00000010010100000110110001000000111110101011101100011111010111111111111101110111
00111010011101110001010011000001100001001110100001001000100110100101000001010011
11110110001110100100100110001000010010100101000101100100000111111100011000010100
00100001010101001001000011111110000010010000100110001000100100100100000001111011
10111000110101011010000000001000011011011110100111101111101101101101100010011100
01011100011010101011000000011110101101001010001101111111111000110110101100000101
01011101100011100000010001010011111100011010101011100000010110100000101111011101
01000001010001101110001100100011110111110100100000010011011101110110101010100110
10000110100110010010000100110101011000100101101110111010011100101000011000100010
01110100001011110111010010011110011010011100111011001000110110111011111000110110
11011100111000101100001100100101100001010010110111101010100100010001010000000010
00011101110110110011111011100100110010000011010111000110110001011000101011101101
00000000000110111000101000101110010100001001100010111011101100111010111001000000
01000000010110110010100001011000010011101100110100101111000111100111011110100111
11011110100000001010101001110011100100011010111011110010000100000001010101101101
10100010101001100101010100100001110111101101011111000001100010101110100000000111
01001100011001100110010100100110010000100110110000100011001001001101001001100101
10100001011001110011010010110100001011001100011011110101000111100011110110010110
01011101001001100001100110010011111100010111010010111011101110001011011100111111
00111111110000000000101000100011010110000110101100000011011001101101100100111110
01001000100010101000100001101100100110100100010100011010101011110011110101001011
01110100100110011100101100111100101000111010001100010100000010011111111011110001
11011111100001010011100001011111111100000100010100001111111001001110101010100000
00001110100101010111000011110101110010001111110101001100100001110001111010110010
00000111100111111111011110110111110000100101001001101101111110100010011011110010
00011111000100010011100000001010001001001000100100010110100000010001001001111001
11001010101010101100000101011101111101110100110000010001111000010011001011011011
00001110000010010010111000101111010011011110000000010010101101010000011100001000
11101110010101001000100111001111110111000111000011100001100100000101010110111100
11011100100100000001000000010110100100111110100001000100001001000111001010001011
11101111100011110100011011111111100000001100010110101111011101011110101101111100
01100111101100000110001111010000111011000011010010011101011101101100110010001101
11000111100000000110010000101111000110001100101100010001111011000000000110101011
01101111110101100110001111001101011100100100100110001000001100111010110000001110
00010101000001001100010001000010011000001101101100001000100000101011101111000001
01001010111111001110110100101111010111001100110100011011001111001011101110100101
10010010001101001000110000001001100111010110100111100110100100010000011111111000
11011100010101010110001011110010100100000000111111010001010100101110111111010101
00001111110101000010100010100110110001000110111001010011110101001110000100001111
11100111000101011111001000010001101000111000110100100110100101111101110010111010
01101010101110101111011001110111000001001111010101010001110011001100111111100111
00000110000111010100000010001010000010111000010001110110101001110010100111101010
10000001110010000000111101101011101101100011110001011100110110011110001101000011
00111001110000110101000101001001100101111001110110011010010000110010110101110011
10110011111010101110011010111111011010100000100001111101110100001110001000111001
11110000011001110010001010010011011110011100010110111100100010001111011101000001
01011110001100100111010101110100110101110000111001111010010000011110011000011101
01101001001101010101110100111110001010000100001101110101100110110111001100010011
11011011011101001011101111110111100111011101110001111101011111001111110111101110
01001000000000011001111011100101000000010111110100010001100001000011000010110011
01001000101001100101100111011001100111111110111001000010110010010001010001111110
00000111000101010011001101101001101101001001011110011111010001001010100100001000
00010010001011000011000110100011111001010001110111101101011110010011110000011001
01010100111110111101011011101000011110000010010010100110111010001000010000100011
11000001110111010101000001110001000000000101010001101010010101101010101100000011
10111010000001000100000010100011100000111110001001100111001010000100000001010100
01010100111010001110101011001100001011000101100001100110111001011100100100111111
01101111010110011101100101100000101110000001110000111011000000001010100000110010
11111011000111111001000100000000010110001101000101001110000111000100110110011001
00111101101101110110110010011010111010011100001101101010010101001010011010111110
10001100011111001001011010110110100010110010001011000100010101000111100010111110
00110111110110100000110100100100000011001111010010011101000010110110110110110011
10101001111111001011010111000010001010000010000110010111111101100111100101001000
01000000100010101111011000100011001111111110001011000111011010101001000010000011
11001101011111111101011000010001101011010100011011001010110011000010001110010010
10001011111001111000001010111111010110001011100101001110110011101000101100010101
01110011100111110110111111001110101010010010111100010111101110111100111010100111
00010111001011000111000011110100010101111111000101001011110100001010010111110010
11011000101001000111011110111000011011010111000100111011000000011100001101011101
01111100010110110001010001110000110110111000000000000000000100111110110111110000
01100001011001000101110001011011011010010010111101000110101111101110000010111101
00010000111011010111100000100001011001110010100100010100111101100100101000111100
11001111111011011100100011010011000000100111010110111000011010001000000000111110
11011101001011000001001111000101100010011011001001110010111010010111100111100000
00010100011000100000011011000111110011001100001100101101110000110101010011110111
00001001100001010011111111110011011100111001000000111000001101111001000101011010
00001111111010010110100100101000001111101100110101110111011011110001111100101100
01101011110101101000010001110111110010011100011001101001101110001000110100011110
00101001001110100010000101101010100110111001100001010100000001000110110001011011
11000001111101110010001011111110101100011011011110111100101110001011101011000010
00111111011011111001010101001101000001010000111111001110101110110100000000110110
00110010000110111000011101100111111110110011110101010100100100000100100110111111
11101011110010110101000101001111111110010001001000110111100111110001110101011111
01001111101001001010001011000000100000001011100110001111111100101011010000010010
11001100110101111110100000100001000001110101010111110011111100110101000101010110
01101101011110101101001110010001011001010000011000011110101100001111011110001011
10100010011111011110000111111110100111110010010110001110000100010100100010110100
10100010011011000101011000111000000001100111101101101001011001111000111011100011
01001100111101000000101101000010100111011110010000111011010000111011000000001011
00110000011010111010101001001101001111000000010000001100001010110001010100010010
11111000010111110101100000000110111001100000111111101100111101011101000111010000
11011111011000101000110100010110001111110101110010111000000101011100110101001010
00001010110000111011110000100011010011001111010100001100011111011111100011010101
00000010010101101101110100010110110100101111100001101011101010100101001100001010
10111010100000101001001010100100100000000101011011001001000111111110010001101001
01001100100111011111001100110100100001110010100010110000000011111111110111110010
10110110001011010011111101111010001010100001011000100000111111011100010010001100
10001000111010000110001001110001110011100010001000101011000011100111010100000001
00100110110101110100111110111111101110100001110011000010110000011001100001111111
01111001110011000100011101111000110111000010011100110001011100100011110100101111
00010100001111100111011000101100010100110110010011001100011111111111110110101010
10111010001101111000111010111000001001111110000110101000100100000000001001010000
00110001110000001101110101101010111010000111010010111110001101101011011101010001
01111100110100001111000100001100101110000101100110001001010001101011001001101100
00010001011001110101000101101110111110101100001101100111011001000000010001111011
01000100100010011010110001000111000011111010101111100001111000111000000001000001
11010011111001101000011010010011011111001011100100110101101101001110010101011001
01110000100110011000000110011111100110001000011010000000011011000110110001111100
01010101111010101011101000111010011100110100000101101011100010111100011100011100
10001101011110110111110000111010010111110000100111000001010010001001111100000000
00100100001001110011001010000101100001101010011010011110010111001000111001110001
00101001000101000001001101010100010110011010100111100111111101011110100100100010
00001001010000000101111111011000100001101010110001001110001100111101101000101110
10001010111110110010000001110111111000110010011010001011011101000000001100101001
00111000011011001111000000101111011101100011001100110001110111010100000010001000
11111000110001110111101100110000100110100011000100110111110011101001101110000001
11001011001110001111101100000000100000001011011111100100001000110001101001110110
11110101001101111100111110000100111011110100100011110001111001010010100000111100
01011000100001101000001111101100101001101001100110000000000100011001000010010010
01001000001011010011001100111000110100101011100100011011000001010100010011000100
11111111001111101111101000100101010100000100010100011011011110000000111000101011
01101101101110100000011010101110110101111111111011111010111101101111011001010101
10011101100001011010000001111010010011001010001001010100101101001011110110111000
01100100010110110001110000100111011100101100011000111100001010100001101111110101
11110110011101001111011101101011111101101010110111101011100101111001011011101100
00000110001110100101000110100010101010110110011101111000110011000010000000010110
01000010111000100000010110000010000000101110111001111000000010111101011110101101
01010110100101111100101010001110111010101100001011100010000110110001100011111011
11011011101101110010111110010010010001110010000101100000110010100111110001001100
10011000100001110111110010000110101101010010010000001011110100101011000000110101
10000111110001101110111011100010010010010001110011110001111001011100000001100001
11010011100111111001010100011111011101101101110001100111110111100101111010110001
00010111000010110011100010010011011100111110001010000110101001010001001001110101
11001010001000100001000000010100111110101100111000101101001101001010010010000000
11010000001001100101111000010101110110101111100100010101000100001010100101111110
10011101001110111100001101111110101010000110100000000111011010010101011011000011
01010100001110001011000000100000101001000110000101101011110010101110000010001010
11101101101111001100010000001100111001010111110111011101101010101011100101101010
01001110011011110011111010000001100010001100101011011111101100000100100101101110
00111011010000100111111010111000010011100100111010111001010000111000011110111010
00010111110100011100010010110110111001101010010001101100000010110110110111100101
11001111000011011100110110101010101010011101011011010110100001100000000101000100
00011001000110111000100101011100101000110000111001000100001101010111010000100110
11001110101111111101110101010001010011111010111001100101010111111101111001000001
00111101100010111111001010110100110001100000010000010101010110111100101010111111
11000011100111100101100001100011100110110100101101001100010001100011000001001001
00111011101000110001000111100000010101100110111010101110110011001101100001100110
11010101110011101010000110100100111010010011110000010011001011101111101000110001
10011000101010001110011100110000001011000101000011111100011000010100111100101101
00110010111011111110011111101010111110100111001101111000011101110011100000011000
10111101111111110100111011100010011100011100100100111010101011100110011011110010
00000110111010000100001011110010100100101011011101010001100100101111011101111011
10011000001000001001100011110001101110001101101101010011111100001000100001010101
11111100111000100000000011111101001011001010100111101000010000111101101000011100
10010100001110000111011010110110000100010001110101010011101000101001110011110101
10111001110010000111111101010110101010001101101101111101011100111001011100000011
01110000010111111101100110110010100111000001110100110000110111011100011011011100
11100011110010001000011101100010111100010110000111110011111000111111001111100111
01001110100100010011011100111010010011110110100011111011100000000011001101100110
00101101000011101010001011110101101101100100101011000000010101111101001000110000
01110100011000000100001001001000011011001011000100010000101001011011000000000010
11111010100111110111001110001110010010010000001001000101010011011011111100001111
11110111000101001111000110111110101100000101100000010100011001101111011010100111
10010010000100011001100010110000100011111111001010110011101111010101000110100011
01101110011101001110001011101001000011110110001101000001110001111100101010101011
01011000101010000110010011101110011010000101011111010010000111101111010100101110
11000101011100000000100110111101100001001101000011010001011001010101100010010000
11111000011111010101011101010110100100101111001100110110100110101000011101001001
00011101000011000110100100110011000101011111011000011011100100111100110111111011
01000001000001010001001100100101000010000100011111000100110001100100101100010111
01001001110010110001011110001110100101101001000011001010010011111010101011111010
01000011101110111011100100000010011011000010011111001111000110001100011000111010
01100111001100010000111000111010010010000010101100101011100100010101111111011010
11001101010110111010000011010101010010110110100010100111110011100101100110000000
01001010100100010101011001011011000111101011110101111111111100111001101100111110
10111111110100001000001100110101111101110010101100110100111101001010000011011111
01110110100000010010001100100110100000000011100010010011001100101001110111111010
01001000100100110011111011000010010011000000100110111010001111101010110101111111
01001001101001101100110100101100111011001000000111100101101001010011111101001111
01110000110010000101001010001011000010010001011101101001001110110111000010111100
11110010010101001011010111001101101110001110010001010110101000100110101110101000
11110101010100110000000110111110010100110101000010100101110101101000110010001110
11101110111100100101110000000000011110110110101011100111010000100000011011111001
11111001011011111110101011111011011001011111001101010100111101110111010101010001
00100001110111010001001111100001111001100111110111111100010000110110101100001010
11111000111110001110010001000000000000010001010010011101001100100001001100100101
11100000100000011110011010010110110111100111010000101000011001001011101010100100
11000100001010011001000111000010101101000010110101101110000101000011001111111111
10010001111100000110000001011000111101001010001001010011001110101001100001100111
11010010110101011111000011100010000001100001000001111001111011100100001101000000
10110101100110011110110101011100110111000000001110010010111011001001100001110011
00011111010010000101101111001100001110101101101010010100110101111101010100111111
00010100011010110110101101001010110111001110001110000111011010011100101101001001
11111110110011011001110010110010010100100110001001110101001110100101011110110100
00101001010111101101110111100101001010001010111011111111100111000010101000010101
11110011010110100001000001001100011100000000101001111100001011101101110110111101
11100101011100100010110000110100110101000100011010011101100100000011111000100010
10000011001010110110111101110001001010100101000100010010101001111111001011100010
11111000010101001110011011101000101010001110101110000001110101001000111110111000
01011000110000100101011100101100010001001010101000111101011011110011110110110111
10110001110010111100000111000111110111110010111111010101110101101011011011010010
01010011000101101100101100000011110001100011011011011011000100001000100010001001
10000000001000010111101000011011110101101110100010010011100011110101111000011110
10100011010101101001010010010001110111001100111101010100100101111000101001010010
11011011101011111101101010001100000110110000100101010100000001111010111111010110
01110110111011101001100010110011011101011111001111101000001001101011010000001111
00100011001011001010110111011111110111010101000110110000000001110100010011101110
10100111000001000001011010011100001100110111100111111100110111111111100101000100
01010010111001110010000001100110100101110111111000111000101010101101110001001101
10001101000010010111100111111010101111110101000011101111100010101000101001110101
11011101100010110011000011110011000111001101001011000110000111001001010010101100
01010011011000011110000110000111101010101011011101100111100101000101011001010000
00101001111111101011111001010000101100001010101001010010101100101101111101100010
00011110010001010011101000100011001100001101100000001100101111011111000100010100
11000111011100000011101100010111110001011111111001001111111001100001100101010001
01110101110110101101111000111010110010011110000110000110000011100110001000111010
11111100011101101111100010010000111111010110110110100101001111111100010110000111
00110000100000000101010000001110011110000011000000010010111010111100000001010100
10011010111010000001101100101011011111010000110111011000100010010011001110001000
00101101010001110110010100001100001100110010001111000001011010101001111101011111
11001011001111101100001101110100000101010100100001010110010000010011100001100011
01111101110000110110011011001100110100100101111001011110001110101101100111010010
01111010000001101111110111101110110010101110110111100101100010110000111000000010
10101101001010101010111001100011001010110011101110011100001101110000011000110001
00001000000001111010110011001100000010011111010111011011111001100001100000101000
00101000111000101001001111010111011001010111100110001001010010101100000111011001
00010000010110101001000100010011011010001011100011111110111110101000100101011001
10111101101000111101000010001000101111100011100010001001100000011100101110110000
01100100110010000001010111010111010010011100101010111001010111100110111011110101
00011110100001001110000100110110111000111010001000100010111011101010110111111101
11100010000100101001000100001100111010000101001111001110111001001101001110110001
11111011010101011000111101111101110110011000101010001111000101111110111110011111
10010111101111010101011110000110100111000110110011000001111010110111011010001011
01100010111110111110001100100101100111011101100100110101010011110011000111000111
01111011100100110110101101001100111011110001011111010001000011110001110001101010
10011101011101011010110010111100100111110101110100010000101011000001101001111000
00001111000111101101000100111010110011001111111110001110011011100111011010010010
00101010001000100110111001000010100111000111001011001110111111110010000010111000
00100100011001011011101001000100011001010101111000001100001010110110110011101000
11110011101011110111110001000011000101010100001100011110010100011010000101010111
01000101000100100101011011000111100011100010000010100111011000110110100000000101
11010100110111011111111111110100110000110101110000110001010111111010101100010111
10100100101000001111100000001000100010011111001110000011000111111110001101110110
00001001111000101101100000011000001011111010010010010010111011010110101110100000
01100000001001100000001010111010100000111000111111010001011011110110010001010100
01101011101100001010101110010111010101101011011010000100001001100010111111100010
11100101001110101011000011000010110011101111101100101101111011101111011011001011
01100101100100001001100100100001111100011101001000101000111001011001110010001110
00100001011100111101000100010000100100001110110101011110011001101110001111010111
11101011111100001110110101110111011111101110000001001011011101010001110111011001
10011110010110010010001111100010001001110110111111111111011011101010000000011001
10110111110001111110000010000111100111000001001011010001110110100111110111101111
11101010110100101000110101001001110010111101011111011110100011111100011101100000
10111110000100000110000000000010111100101101110001011001111010100101010010111111
11101101100101001000000111110011110000110011110101111001100101100111110001101101
11100110010100110111011100000000110100001011010100110110101110001100010010110111
10100101100001010000000100010101110001100111011010110111010000101100111011100000
11000010000111010001110111000000101111011001101010111011010100010110110111010010
10101101110011100001000010111001000001100110100011001000101111100011111101100111
01010011110111001010011001111001010100000111000001111111100100010001010100101110
00001000111110110001100001110011110111010110110011100010001010101111011100010101
10001100101111001001011000110110000101110001111101011111101100111000001011100110
11000101101111010101000101111101011010000100101011011001100001101011010100110011
11011101010110101100010110001010000101011111100011000101001100110001000011011100
01111101010111010110111000110001000000010110011011000011000110111011101111001101
01100100011010100111111011011011001100100011010011100001000010010110100100001111
11101110001100111111010110000101100111100010111101001000001010011000101100100101
10001010011110001111111110100110000111101011010000000100100001100011010101001110
11101100000000111010111101001111101000011111100100000010101010100100001011110101
10110111110111011100110011010101111001010010110101000011001100000010010001000110
11111111110000000000111100110100111101011010101111001110111110000010011011001010
01111110011101101100010000100111110101001111100100001101100000110010110010011011
01001011101100100010101011000101100001011001110100001111010100110010111101001100
01100111110110100010100001001100010010100011000011011100001010011100110010101011
11101101011111011001000111011100000111100010110011000000000110111000000010010100
00011110000000000010010000010010011111110110101110101101101001100101101011111001
01101111101011011100110011110110100101011010111110110011110011101111011111111001
00000001110111001010110101011100010111100000101000000011110110010010110011000001
01001110101111101111101010000111110001000100011110001101000111101001000101011101
00110011010011011010111110110010100001100011111100111100100000111011111011110011
11101111110001100111101100001110101011001001000110010000100100000111110101010110
10111110010100001110101011110010010101000111110001101111110001110111001010101011
01000010110111011010011000111001010100011001110100101100000110000010100010100100
10111001001111011011100110001101001011001111000000101110010001100110011001011011
00111110100100011010001000101001101111101000100111111011010100111110000011010001
11010001010000010110011110101100110010101011111010111111010101110010111010011001
01000110110000010101000110101111001010110111111101011000110011110101001000111100
00001001011010110001110110110001011110101110110111001001110000101100100101001000
01000011111100000110001011000001101110110111001000011110111111011111000101010011
01100001000001001111100001000110011000010101000011101111111100011000100000011000
10000110100010000110000110110101001101101000010000110011000110110000001010000101
10101111101100001111010010001111100011100100010010011001100011010101111110110001
11101010011110011111110000100110000100011111100010100000100101111111100001100111
01111111100101011100000101001110010000001011010110010110011110100010000100011010
10000100001110111000010001101000111001011110100110010001100001101110000001101001
00010010100110110000001110011010000101110000101010010010110010100110100011110110
10001100000011100010000000010011010101001011101001111110100100001101100001101100
00100000101110100101101011100010100011111001010001010000011011000011100111001011
11000100011111001010001101010100010101101000010011110011011100101000111110111100
10110000000011001000100011010000110101000100011001100011001011110111111010011111
11010100111001010110110010001000111100001100110011000101100111010111000111001101
11000110100000110000101000110001111000011001110101010110001010101110011001111101
10001000111101111100101011011001111001101010100101001010001001010010000011110011
11100000110011110000110110100011101011011101111100011011101101100110110011101110
01000110100100110010100111110100000011001101000110000000010101000010111011111101
10100000010000000101001101100000000101101010111101100110111111110000000101110100
01001011000101101001100110011001101010010011101011010011000100010010111110110110
11011101010101010000100010000100000001000111100111001110111111100010110110111000
00110010001110011100000011011001001000111100101010000111010110100011001001000100
10011101011000110100011101000101101001011011001010010111111100111111110111101100
01011101111011100011110111100100001100011001000100000111000001001110110000100011
00011010110101010111101100011101101101110001001010111101110000110111111001100000
00010111100001000001101101010111100110010110010111000101000010101000011011100010
11111011111001001011101100110011101100001110111101011000101010110011001000011011
11010111000000001101000000001000110010001111000110100111000010101101011000110000
00101001110100101110101011100011111110011011100000101001110000110011000111110110
11000101011000101001000110110010110001110100000010110011101000000001110110011100
11101001001110110001011110000111111000110100011101111110010100011010011101000001
00001110011101010000100101100011101001111010010100010111011001000010011001010010
10110010000011000110111000100001101001000101010010100000110000010110100110001010
10100011100101101100001110011100010011100000111111110101011111011101000110110001
00001101001100110011110100111001001010101011101101010000101100001100011001100111
10001111000001000001000101101011011001110000100010001110011011010110010000000100
10000101011100010110000101000111011110000011111100100111001001111001111100100011
10000111001011110011100001100101101111001110011101110110000001100000011010000101
10001101110010111110000101110111101001010110110100111001001100100111100001010000
10110110000001100011011001101110010010011110110100110010011011011000110010111100
11010011000100001001000010100101011100101111010100101000011111101111111110011000
01000110000001111111110100111010111011000010111011110011000000010010110001011111
10001101001111110110011100111111111000110011000000001000001111000010000000001100
11100101101110000001101100110101100010101010100001101010110010000000101001001110
01000011110100001101010011100101010001011111011111000110011011101000101101001111
00001010010000011111011110100010110010011101011100100100100000101110101110001000
11010010101001100111000011011111111000011110100010001111111101010101100100100001
11100000111011101100001110010001110100110101000000100100100010001101100101101110
00000111011110100001100001010110100010010001000000001010100100001100100100001101
00100010111000011101000100101101111011111000100001011111010110100111011111001110
11101111011100110000001110110001000001111100101001000111100011101110101010010010
11000100011001010011000010010111110110000000001111100111001001011100000101111100
01010001100101000100011100001111001100000111011000111000010111010110011111010001
11011001001000010011110110011001010100110111111001011000000010100101101001111011
00001010111110100010111111010100101110100111000100110001000110100111101110110101
10011010000010001001010110110111000101110010100001001010000000010110100011010010
11000100110011000010101000111011000101010001010111001011000101010110000010110111
01000000110011100010000100111111011000111100111110010000111101111101011001110110
10010100000000001100010000110011100010000110111011110101001000110111011101111101
11101010111000011110100101100101110011110010111001111011101011011110001000101001
01101110000110000100000010000111110001100101011101101100100011001001110000001111
00111011001010100011001011000011100000100001101001001111010111100101100010001010
10101011010100110101101001010000010001010110101011111110000001111011110001100001
10110100111000100111100010000010000011001100111001010101010010100110101101100111
11101111001100011000000100110111101001011101100111010000110001100010111000000100
00110110001011001101011000110011111000011101110010001010101000110000011100111101
10010101101100101011110011011111111000101101111011100101001011110011010011001110
10101001000100100101001111010001101101010000011110100000000111110110110000010100
10001100110000001011011100111011100100101111010100000000011011100000010100110100
00101111000111101010000100110111000000101010001011101011111110100000101000011000
00111001011011011011110010010000001011010010011110001001100010101111101101000000
11001000010100100101100000000010110111001110001110110101011111010010100010001110
10110110101100000101111110110010010111010011010000000101010011101101110001100111
11000001110000100000010100010010101110011001000110000011111101011100100111100000
11110000011001001101011001101110000100001011111100110011101110111010111001111000
00101101110000110001111100000110100000010000000011111010001010000100100010011000
10001110000010100111100010111110001011001001111111110111111010010101101001101110
11001001110110111111101010010111110001000111000010001000001100111001111011010111
10010001101010100010110111111001010001110001111110010011010000100001100101011011
00101011011000010111101111000010111010010000100101010101100011101011100110010010
00111001110110001111011100000100001100010010001000001111001011111001000011011110
11001011000101111110011001110100011000101011000110111110101000110001110111010101
11001000001110100000110000010110110100101111000011011110011000010000011100001111
11001101110010000000101010010011110100000111011000001011110111101101000100001101
10010110010101100100001100100001111000110110101101000111011111010001010010000110
11101100010101111111001000111010001110111000011110110010000101100011110000001101
10110100111111100101111000000101011110000111110100010010001010110011000010001111
11110001110011011010100011000010111110010010101000000101000101000110110111100101
11000011101111010010011011011100001111001001100100101010010110010011110000011010
00100010010000011111110101001111001001011001101010010110100101001110010011010011
01110100000110011100100100010110111001110101010010000001001101100101001101111000
10011010000000111110001111011111111011110011111000010001000011110111110001101111
11100010000011010000100010011111110101101111011011000001100001100011011010000010
01011100101001111011011110000001100101110101010111011111011110111110001101000011
00110100000011001011100110101111001001100101101000111111111010100100011000000110
01011011000010100011110100011010110000010100001101100100001011010111100100011111
01010011011111011111001110111110011000100111000011111100000001000011110111010100
10001110100010110011111101011011011101000010001100100011001011010110101011100100
10100001010100100100000000101100010100010001000100110111011110110000101111001100
11100000101101000110010010010111110111011111111010010100001100111010111101111000
00000110011001101010100110001000111101100000111100111100111101100100100101101010
00111100000110011111010100011101011011111010011101111100010011001110011111010000
11000001110111110011000011110100001010010011100111010001110101001011001001010110
01100100110010011111010110000110100101000000000001001011100010111001001011000111
01000110001110000000101100000110100011001111101000011100000111011111110110001011
11000100000011001111011110010000010011000011111100100101001011001111001010100100
01101110111011001011010001011000011101010000101011100111011111011000010000010011
10111111001101000011011000001011011001011001001010001010000111010101101001011111
10011011110101011101100011001011010011111001100001011001000000001111010010000000
01001111100101010001100001010001110101011001100000010001110100000010101010110111
01011100111001011001111101111000110100100101110101101110110111110111010110100111
10001001100000011101111110110100101001000000000010111001111110110101100001000110
11111101110100010100101010000110010100000001111110111101001111101011001010011000
01000100011101101011110001001011000011110110011110010101011011110101101111011001
00010011011011001101010100011111111011000111110000110101010010011011111100010011
10010101101001111110100010001111000000011111101010110000111101110100010001011000
00011100110100000010011100010100010000010010110010011100000001001100010001111101
10001010001110001001001000001000110010111110110111011010001101010111001011000001
00101001010110110011100010010111111110001111011100100100100000110011101111111100
11011110110000011010111111111110001011101000101101001110110000000110100110010100
10101100000100001111000101100001110010101011011000011000100110010110011100001100
00100100100100100010110101011111101011011011100111010101000110110011111111001010
10111010100001000000010100001101110101001010101110011010110000110010100100011101
11101010010010010100001110100101110000100010110101111101100001110011001110111111
11110000111011111111111000101100111101100100010111000010001001100101010110110100
01011011001110101010011110000101011001011111100101110100111110011011100110111101
10100000100111000110010111011001000110110010000000110011100100001011101010011010
00110101011101101101110111000001110010100111111000111100101010111010010111101111
10100000010110011000010110110000011101011111011110110110011101100111010011100010
11011000110100000011110011110000010110101010110100000001011001111000111101110011
10011101010111010101000111101000111110011001000111111010000101011110010110001110
01001100000110100010101110100011011011111010001100010100001101000011110001100111
10100101000001111110010010101110100110000101101101010111001010010111000000000001
01001011101110001001101101000111001000100101010010110000110100110111100011111010
01101101101011000000000101000011111100011111001001001110100110010111101100100010
11010010100100011101111110100101010011111010101011110000011000110000110101111001
11110111101010111100010001110101010101100001011001111101100000011101111011011111
00110001011000001111111100100101010010111100111001000110001001110001101100000001
00011111011110111000110010100000000110000110001000110010011001000110001100100001
00001001011111001101100010100100010011010010010111110011101000111111001110110001
01111100101001110101101010100100010110100010100100111100110010010100110010011111
01001000111110110011100101111010110101101011001010011011110101001011010101110011
01010101101110000010111010001000111110111011110111101000110010010110010011011100
10110000010101011111100000011100100011100111101100001000001010111101101100101111
00111111101011001101010010010100001001101111101100000010111011101010100110011100
11111001110011100110010111100000100001000100100100101101001111011110110110111111
01001011100110001011010111000000111010000000010110100110011010011001000101101111
11000100010100110101100000101000010101101100100010010011101110110011011000111011
11100001010001111101100100001011011011110100111101111000001111001100101111110011
01011101011001000111110001100110110001110000111110101000100101001011011001101111
00100111111100011101001111100000111001111100011101001100010010010101100100001110
01000010110101000100010010011101100000001000110111001010001011110110100100000110
11000010110110010101011101001011101000001101010001001010100101011000110010111110
00011100010011100111101101111111001101110011010001110111101101000001101101000100
10001101101111111000110000000010111011001111100111101101010111101101011100001100
01100100101101000101100110000011101000011001101011101111100011100101100101100100
11011110110011100001111111100100100001011011111001110011101101000100101000100110
10011000110011011001001011110010011111010000010100001100011000000011011101001000
11110100110000011101000001100001001001001010100011001100110110100010100110000001
00110010101010101000101101010110101101001110011111111010101001010011000001010011
00011001001111111111011001011101101101010110101100101000101101001101101110110001
10100111010110001111011111011110110000011010100001101000110010101100111101101010
11000000000110100011001101101011110000011111111100101110011111001000000110100110
01010101001100110111001000010000010100111101100010001111001000101101010001011101
11011001010101011010100000110011110000111101011101101100001110101011010101110110
00101001101010110000011101010111001100010110101101010010101111000101101110110010
10100011100111011010000110111001101000100010110000001111000010000101111100010000
10101010110011011110000101010010001011111010111011101000100101010111111100010100
10000010011000101001110011111110010101110010111001000101110001100010101001110101
10101001010100011000111010110001001101001110000101011100010101110101001100000010
01000001110111000011110100011000110000100001100001010011100010011101010011000111
00111100100100101110000000011110010111110011001110111010111010100100000011110101
00111100010110111001111001111001100001010000100101001000110101111000001011111100
11011010010010000001011010100111000000100111110110011110111101000110000001100110
11110111000010011101100110101111001111010010000010001100101110011000011111000100
01100100101010000010101101101011110111000100100101101111010100001000100100101010
01100110010111111110101100110101110110110000111011110000001101111100000010100011
00000111000001001000100000001010110001100000100010000001110110110001110100000001
11010111100100011101101010111000001000000000010000100111001110101011000101011010
10010001011111010101111000001111101111011101101110001100110110001000110001011110
00111101010100111011000101110111001101000000100110000010111011010110001010000101
01001110011110100111010100100000011100011011111011110101100011000010110001001011
00001000000000101100000010001101111010110111011100000001100010011101101101110101
00011011100101010001101010000010011000100111111100010000011101110001001100110011
10011101011011010111110011101010011101111111000010100110000100001111110001101110
01101111001001000001000110111111111000010001001100101100000110001110101000100111
00100000011100111111000001100101101100100110111100011110110000101001000010011001
10000001011101100010110000110010000001110011110001010001010000110001001011011110
10000011110111000101000000100000101000001110011011010110010101000000111010010110
10000111110001000000100101011011001101000000101111010100001111000110001011010010
11101110000100110000110000111010111100100100000001010100000001010101000110010111
10000011000001100101100111101001000001000100010110001111000111011110101101010100
01101111010111110100001010011010001110011001101110100001111101010001110101011101
01011101110100110011000101110000111001000000001001001100010111111000110100111001
00011010111101110001101011111011101100001110110100101010000010010111011001100100
00110100101011111001111001110001110101100100101011101001100101101111100100011110
10011110110011001000010000100111110001100011110101001011001001011000110011110011
10011100000011101110101101111101010010011110011111000111101111100011111100001011
01110011100010101111011110100110011100000011110111001001001100101101000101001101
01011000011010000100000011000011100100000101101011101000000100111111110011111110
11001101110000001100010010110101011111101001101011010010001010000110010110100110
11010100010001001001001011011010001000011010001110101101010110011001010100100101
11011010110000110011101000110011001101001101100101101010000101101001110010011101
10000110110010000011011100100011010111111000111001000011000101101101001110010100
00001010011011000001111101111010110000111011101010101010101101000001001101010010
10110100110101100010011011100000001100110000110011000110111001011100111011101111
01011000101111101100101100011110110011011011001010100011101011110001010101110000
11100000001111011101010100001010001100010010010110010001100101001111101111110100
10110001111011110100101000001011000000100100010111001111011011001000011011100111
00101111010110010100011101100111010101010101010011001100100010111111111110100111
11110000101001101100000110101010010100101001000001111011111000011011001001100101
10001001110010011000110010101010101100010001010000001110100100101101111111011000
11001000011000110001110000101011010001111110111010011111110011000011110001010010
10001000100011000011000011100001100111000010010101101100011110110111101110010011
00100001111110110001100100100100110110000010000000001110010011100001011101110000
01110011010101011101000111101011111001101000011110110011010000101000110111110001
10011000110110111111010111111000010001010011111101101010000110011110001110111111
10111101000101110011110001110100001110010011101100101011001011110101010101111110
00101010011110111100111010100101010100011001111010010010111000011100110110111001
01110001110101001000001011001000110100011000110001101110110010000100001110010110
00110000000110100110110111110010100001101011010011001000111011011110110111101001
00000111100111110110011000000110011100110111100010100111010000000010111011111010
00000010010100101101101111000100000000101001010011100111100111111110000001101110
01100011101001010100001000011111010110100110100011010100100010100010110001011111
10111010010100010010100101110010010010100011001111111110000111101100011110001010
11100000001101100000111011011100011101011111111010011011001011001011010010000111
01011000010001101010011101001110000100010000101110000110101000101001001101001101
01010001010011100111001001111111111000111011000001111000011010000010011101010110
10100011100111101010011010000010100111010111111011110100111000100100000000010010
11001110101110011100111100010010011001000001010001101110101010101010100011100111
01001111011001000110100011011000001001010011111000010101000100000001001100000010
00001011110100101111100011100101100100010100100111001000100101100100100110000101
11011011011011000010001100001000011100100000000101110100001110110111000100101110
01110000111110101011101010101110000110010101011011100111010101000110110010110001
10011111010001110111100011011111111010101100000011101110011100010110000111011100
01010011110101010000011000010110010101110101110000110110110101110110101011101010
11000110011111101010000010111000000001110010010000111011111001111000001100110000
11110111100101000010000111001111101111000100110001111010101011100010101111100001
00000001100010111010111001101011100011000101001010110001101110110100000110001110
00000100010001000110101000100011101011001011001101011010001101001001110000100000
11111000100011000111011110110111000110101101011010101010000001001001000101011011
11100110111101101111010010010000001101110000101101100110010011101010111000110110
10000011111110010110000000011100010100000101011101011001000101001100000101111101
11101000100110001110001101000011111000111001010101110011111101010111010001001100
10010001001101001000100010010010010000111011011011111000001011100001000110001000
11000111011100011101110111110100010010001110010100000011100110000100000000010010
10000001100000110010011101001001111011101000011000011011101010110000000110000110
01010110100100001111001011001110010100110100010001011000110110011000010100001100
10100010011111000111001100100110000111011111000011111101111011111111011110000001
11111000110110111001001001111011001111100110101110110000101011100001010111101000
01111101011111100100000110101101000101000000101001001000111011011110011011000101
10010001111001010011100100011110010111100110101111110001010101000011101111111000
00101111111110100011100010110000110111101000000001100011100010010100011110101100
10010111100100000010010001111111010011011000111110110111101100001111011110110000
11000111100111101100001100110011000110011010010000110011101100001101110000101011
00100111111111110101110110111001000000111001100010111000111111101000001001010101
01111011001111010110110100101011111010101101011001101010100011001001101100010001
10001101011100101101010110110110101010111101000111010011110110100001011110111001
01001000010101110100101000110011000011100000001111111110110100011010101000110110
11100111011011111010010010100100100111100110110110001111110001101101110000101011
00110111111100100011110111100110101110001001001101111101011110110001001011010101
10111011101111101101111101100000001101110101100101000111111100110011011111001011
01000100101010011000101001111011100111111100101110010001111101101111101010001101
01110011010110100100101000010101000011011101101001101010001111110101101011110111
01001001110000001111100000110111001010110101101000001010111111010011010110001110
10001100100110010111111000000110001010001111111000001000111110011100100010011101
11010111110010100100100001110001001001100001011101100110000100100011101001001000
00001101111000101010010100100110000110111111011000001111110000111111101101101101
11010000110010011011001110101000110010011010111110110000101110110100101110100110
10100010000101010010101000011000111100110011111001011000111011101000001101110111
01111001011111010000011011000111100111100011101001101000001011011010111001010111
11011100000101110000010001001100010111000001111101110000110101101011000011001101
11111011001010101001101110010111010011011100010110011010111001110100101001110011
01000110000111011111110100010001011101110111000011110010010110010111001000100101
00010001111100011110110011001011000110010111100101110010011101101001011000000110
11100011101011100101110011000110101110100110000011001001011000000110000100100011
00011000010111011011000010110000110101010000011111111010110000010111101101010100
11101110110101100110111001011011011011001000111110010110010111100101010011011010
01001110000111010000001110100101111101000101011100010000111001111100001000000000
10011000001001110100111100001010001001100110110100001001011110001101101001010100
01110011101011100100110101010010011001001010101110110001010010111001010101001001
10110111001000110100011010101011011000010001011000101001011000011000010100001101
10110011100001001101100100101101000011011110101101111000100101101101100110010000
01110011100011010111000111001001010011100010000000110101001000101111110001100101
01010110010101010001100100001011111110000111100001010001110111111110001000000010
01100011110100001011111110010011011011011001011101100001011000100001101010111000
00101001010110001000000001101001001100111110010110101010011101111000000100001111
01110111011111010011101001011111110110000101010001101010100000100101001110100011
11101010111000101110010000101111000100000100101101111001001010101001100110010000
11110000111111011011111010001001000101010001100100011110011110010001111000011011
00100110010100001100110111100110100100011001011110010101101001010010001110101100
01010101111010010000111010000010010000010011101100100100101100100001010101000100
11001111101011101111010100100010010111101011010011010010100000100011110000000100
01111010100001000010111100011101111100001111010110011011010111101000001010111100
00000110111101111110011000100011111001111000100110011001001010000111011110101000
11111000001101001011100010101100101110101101110000110000110110101011110101001101
00000000110011001010010100110111100001011110001100010000010111111101101111011100
00110010000110011001101111011110011101011011110010010010000101111000100111011010
10001100100100000001101110011100010110100001100010011101000110101111111100100100
11100000100011110001011000111010101111001000000110000110110110001110111101111110
10110001001101010000100010111111010111011001100110111010111111000111011011111001
11111010110100110110011011100001100111101110101110110110010100001000111111111000
00000110111111100100011111111010011001001010110001011001110001101001001001101100
11000011001010100000101010110110111100100011111110101011111100011010111011001010
10010110001000011000100110110011010011000011111000100110011000100100011111110100
01100000111111110011101011011011111011000111111000011100110010101100011100100100
11011101100011000100111100010110011000101111011100110010100111001100101110001101
10100000010111100100001001110011000100001111100001111000110100010110110110000001
00101011100101111110000111000110101111100100011110100001000101110000110111101111
01001110011100001001100100111001111001100110000111011100110101101101100001000111
11100110111001010111110001110111010001010011001010100110101111111001000010100101
10100101110100111011010111011010000100011000111110110101110011011011001110011000
01101010001100101111010110110111001101101110010111111000011110101101001111011001
01110101011110111000011011010100110100011101101111000111101001101011000010111000
00011101000001100011011101001010001000000101110001101011110100110010010111111110
00101100110101101101100011011111100111000001101001010011000101000001011010010110
01100111000101000011000010111111100010101010000011100100110101010010011001100101
00101001001110001011101111011111100101000011001111101010111011111111001110011101
11110001111010000011110000101101001100011010100010101100110000000101101000011001
10000110110100110101101001110001011001110100001000101001111011000001011111010110
10111011010010001101100100001010100010101110010001100011110111011101110111001100
01111101110100001001111010010111001100100001110110011100100000000011100000010100
10010111101101000101110011111100100110100110010001110110001110111101000111100101
10100001100000101100001000101101100111010011110011011000100011000010000110011011
01100100001000101111000011101000011101001001010111111110000000111100001001111000
11011011101001010011011110011100101000010001100001011011101000011100100011110000
10001001100111101100111110011100010000111001010110011111000110000010110100110100
10111010011000110101110010011011000111011111100101010110011110111000011110011111
11110001100101010111010100111100111100110101111000111011110000101010101000000010
01001010100011010110001011011101100111010111010100011111110010000001110101111110
01110010111110011011110100101011010000101011001000000101010000110001011100101101
10001101100001001010011011101111110110000100111010010111100110100010111111001011
10001101000100100101100111101111011000101100110000101011110111000011010111010111
01001111010000010101101110100101000011010010010100010100110101001010110011100101
11111000110111111010100101110100100010000010100101011111110000101110111101010100
11000011101110111110101000011101010110010011001001010111000001011000101000110100
01010000001011100001111100001011000100100001110100111010001011100100111011111011
00110111010101011101011101110111000011111000111011110111101000110001100010010110
10011001000010110111001011101110111101101100010111011100101100100010110001001011
00110100000001000100110110000111011101101010010100110101011000001100110000100110
01111011111111011010111111011101011011010100010110010110001111111001111010011111
01010000000010011100011110010100111110111101010110110110100001001101110100000001
11111001111110101101110111000110110111011110011101110011011001110110010110111110
00101111010110000111111110000000010100010010000011001110001111100011101011110000
10100001000101000100100111011011111011000111010110100001000011100110011100110010
01101011000001110111111000001000010001010010001101011101101000101111001100101000
00001010101010101001010000001110111101110011110110001010110000100010001000100000
01110011000001011010010001110111010011010100111100011110011111111111010110001011
10111110100101011011111111111001100111000011001110110011000111100100100011001001
00111100010100010111100111000110101101110100000010000111001001100101101111000001
11101010100000101000101011010000001000011010101000001100100111111000110110110100
11000010100001001000101111110011000000000011101001110010111101000100000001011010
00010110100011011000000011001011001011100100111010010101111011111001101100101001
01000110011111000010111101011011010010110001100011101111110101010011110110110010
00011011100000101110001001001111000100101001001101100110011000100011010100110101
01011111011101101010100001001010000101101001110100010100101100110100011100101011
11101110001011000110110111000111110010011011111010000001110000101011101010000001
11000001110010111010011011100000010110000111111001001000000111011001110001100100
00011001011101110000111110010000000001000011100100111101101010010100111101111110
11110000110111111011010101010010100111100001111000000100011011010011111010110100
11100011110001001001110000100001001100111100100010010101111110100001001010101010
11110010111011111101010101100111100010000001001111001011110011010111110010001011
01011000010001000001010011100010101110111010110010100101100110010111000110110010
00011000110111110001100100101010110100011010100001011011101001011111111111001101
10100100000011100101111010010111001001111010001010100110111111010011001100001001
11111100100101000100011100011001001011001110000111010000011010000101000011011001
01001000110001101101011000010110011100101111011110001100011000011011100100000011
00010101000100110111110100000000110011000100001001100110101100010010011011111100
11000110011110111110101011111010010101101010111001101000111110010000000001000000
01011100101111011011000110001101000100001001010101110100000101010000100011001110
00110100111001001010110001100101110101001101100011001000111011111010110010110010
10101101100000101110011101101100101101110101110001101110101110100111110100011100
01000110011100011001011011110011111000100111010111011100011001101110000000100001
01000010100000011110001010010000000011100001100010100011100010100111110011011010
00111111000011010111111001011010110100010011011011010000001110111100001110110111
00011111111010100101001101010101010011001111011000000110101110000001000110101101
10001000110110100111001111000100010000010111101110100001101000101101110100111010
10111111010111111110000010001101111101100101011100111100100000011110001100011110
01010101110101101000100101101011100001111011010101100111001000111111000111101111
01111001010110000111011011000110100010010110000111100101111101110110010101110101
01010011100100010110110101010000100001011010110001010100001100111101110011100110
00101111001101000001011001101010010010000110001010010000011000111011011001110101
10111011100010011001001111110110111110010011111110011100001100101101111111111100
10100001110100010000001111110010101110010000011111110100011101101001101000100001
11010110001111101100011010001000110100011001001011001111111001110000100011110001
11111000111001000000100100100001011010011110000000111011010100001100000011001111
01101101110101100000100000111100110010110010010101011000100110110100101110111010
01000110101100001100100010011001000100101100101001010100010001101110101100010100
00000001001110011000001010001111010000010000110100100000011101101000100111110111
11110100111100010001010011000111100001000010101000010010101010001001100110001011
01101111101100000110010000100100011010001100010111011001010111101011110000011000
11110110100111000100100000110110111110000110010100001011111111110111000100100010
11110110101001011010100000100001110000110110011101111011101110001001001111101001
00100010000101000001011101100111001000101010011110010010000110111010101111101110
01111101101110010000000111101010001010111001010111100111011001011011101110000110
00111001011110100100000010110100011111111010010111000011000111100100001101010001
00000111000111111000010011100000010100110101110110100010100101101110001111111001
01111101101001100001100110001101111101000011101100100101000110001101010111011101
01000110100101111100100010110000010001101100101101000010100100001001101000110100
00101111000100100001011000111101000111100011010000001010000111011110010011111101
00010100110101010111001110001001010001111011010001111011000110010110100010011010
10110010110100101010110000111100111111111110001111000101111000000100010100010101
01111001010101100110110000100100101101011011110101101011001101100010011110101111
10001000110101011110100000100011010101100000001001110100000110111110000000111011
00011000000101010010010001011110100111001000000011011011101001110100001101101011
11101111011010010010101100011000000111010110010010111111101001000101010001001000
00111111010101100001011001000101001010011011101011100010010111001100101010010011
01010110101000011001011110001110110000101101101000000000100111100000010010110011
11010011111110100000111010010010100110000011000101011111001111011101101111101000
11010100111100010111011110101001010111100110101111100000110101000100111100110101
10001111011110001010001110010011101101100010010001001111010000100100001001111011
10101100111110111100101101100010011110110001011000011010011010010011000101111100
01011001111101001001110100110010101010011100011110011000000101001001001110110111
01100001101100010001011111000110010001001100000001010100001100010110101111110111
01100001001010110100111111001010000011110111111000011110100101011001011100010101
10100000110111100011111110110110001010010011011110001110001011101101110000100011
01001100110000110000111111100100110000101110111010010000111010111010111100110001
10101011011111100000101101011000100100011011000111011111101101011110010101000001
10010011000110110111100110100010011100111110100001101111000110000001110010001001
11101111101010010111011100101000000001011010011011011110001110101010100001101001
01110010111010111101001100010101010000001011000001001010101001011011111100100001
10111010011000011110010001100000011010011110011111000110111010010101100111010001
11000111011101110100110001101000101011100011010010101001001100011010111001010110
00100000100001000000101111101010111110111000010111011001010100001001101101111011
01011011011011011110001001111100111011011000001011001100110101111010011100001000
10100110100110011111110001001010101000110001101010111110100010100011110111001010
00100001100010011001001010111000100011010110010001111000000111110000010100111100
10001101010011100000111001111110010010011001111100001011001100011010101101000011
10011010000101101011101000010000001001100110101110010000100010011110011111111110
00001111101110000101111000001100101011100010011100111011001001110001011101001001
11001000011110001111000010010010101100010011100100110010001101111000010110000000
11100101011010110110100100000011110011000001001100000000101111011010101000001001
10110101011101001100110010101000100111000111000100111111101000111110000111011101
11011010011011010110011101111010101111101000000101011101011101100010100000000100
01111001001001000111010101111100011110101101100001001000010100001110011101001110
10000011101101001111011110110111000000110111111000111111000111100001000111001111
11001001010101001011010110011100011111010001011001100101101011111100001111101000
11000101101100010100101001010101011101101100101001001000110101000000110111010011
01100100111000010110000110011011101101010000101001111001111111010101010110100010
01110100111000101000001101111011111000010101111101000001110001010000101111111101
11101000101011100101001100010010001100111001010011101011101100001100010110101110
10111010101001000101010101110111110101100011111101111110100101110010001101001110
10111110101010100011111010011101011101110101000010010001011011001101111101110011
01010001100000110010110000111100000110110000101010010010100100011010110110101101
11001101110011000111011101001101101011001001100010100001111101010100101001001011
11000100010000010011100011101011000110100011011110100111100010001000101100101010
00111011111110011110001100011101011100100011110111110010001101010100101010101001
11111110010110001100011001110010011011000001010111011000100101110111110101111011
11110010000000010001010100111101101100010001011101000100111100110111011010000010
10111011000110000101011010011001101010000111010010101001011100001001110100000101
10101110010010101011010001111001011110000000110101101100110001000100110110001101
01100010110100001101011100001111100111101110001101001011010000001111000101000101
01100101101111000000101010111110010000000111011101100100111011010101100011110100
11100010000011100001001100111100100101110101001010110011101110111000010100110101
10000010010000111000010011001110110000000111101101101111110010101110110111000110
01111001001011000011000101101010101010100100000000010101011111100111001100010011
10001110010001000111111001001111110111000011110000111000001110001110110100111111
11111110010000111111000000010001011110100100011101101101010010010000101101111101
11011110000111000111111111100010101010101110000001001011101011000110011001100010
01010111010111011000100110001000001110111101101100011001010110101100010100111100
10110111011010001110000011011011011111011111111011110111100010000011011001000000
01010001001000001111011101101111001001101101011111011100010110101000000100110100
10111100001101110100111010101000010100000001011100001010100000011100100001000011
11001101100110111101100011100000000011001001000000111011001101010101000111001000
00010100110000010100001011011011010101000001000111101000101111010100101110101110
00100110111011000010101001011001110101000101001100000100000000010010001110000011
00001000100000100101010100111001100100001011010011101101010000000000111010100000
11101010000101000011000001111010010101111010101100010101100000011110001010101100
10100011100010110010111111010101000110101011111010110011110000000011101111000010
00010111111010011111110101110011111011110101100000111001111100111000100110100011
10011011111000001011100101100010111111100110100111001110111001101110111010011111
01110111000000011110000100011110000000011101000110010010001000111100111000011101
10011110010111000011101001111001000100111101010101010011101010011100001000011100
10100000010011001011101000001111001011001110000011111111001011011100001111100010
00111101000001101010100010100100010100101001100000100001100111010000110110100001
11000101101001010100100010000111101101001011100010101100100000101110110000001000
10110111000110001001111010001010101000101100101001100101010011011101010010010111
11101100011110000100100011111011100110110001110100010001100010110110111001101011
01001001011110111001110010001100110111110101110011111111100010000011000000011100
10010111001111111100100111001011011101001000010010001000111010100100111001000110
11001110001001110110101010011110011110001000101110010111010010001001101001110010
11110000011011011100011011110000100101110110100001010010011100001110111001110100
10100110111100001101100100100101110100110010000000000000011100001001010010100101
01110000000000001111101011000100000110011011001101001110010001101110000010000100
10101001001101101001111010011111111100101111010000111000100010110101010101001100
10100100000111000100000011110110111101010100001001010000011100011111110101111010
11110001001110001111100100100011110100000001010010110011101000000100111100101001
01000110111101110101110000011010101010010011001010000111101100110000101110110110
10111100110001000000110101101010001110101001011100111111110010000010111111001001
11011101010100001011010010111010010111010110000101011110111011011001100001000011
10110011001000100100101000111111111000001111100101101001011001011101101110001101
11000000010000010010011110000101101111101010100000011011111101011001111100000101
10100100101001001100100011100100011100111101001011110111111010101010000100110001
11001010110000010101010011110111111111110000101100110010000100011010101100110111
10101101100010001010010100001100001101011011011010101001110010110000001101010011
10000001111111101101111001110011111011101111110001011011111101110100101100110001
01000010010110011101111101101100110010000001000111101111100111111010000100010101
10100001110111011101100110101111011010101101010011111110010101000011101000001111
00000111100010110111001100101010011001010111100100001000010101011101001101011110
01110111110100010001000100010110001100001101001010100000000011100101011101000101
01001010101111111100010000110111111111100100110000010100001111100100000011000111
00000001100010001100011111101000000110111000011111100111001001100010111111101100
10111010111000101101011001111110001111001111100000111011001101110110101011111101
10111100101101001101011110001111110010000111001100101010011010001010110100001100
00100000110001001101010100011000001001000101110001110010001001010101010110111011
11101101000001000001100010010011000100001101111101110101000110110000101010100110
00110000010110100011001100111011010001101011010110000101110110100101101001000001
11000001011011101111000001010011011000010101111011000001001110001000110101000000
11010001010101000000011110101000100100111110111000100101010101001101010110100100
11010000100000011100111001011010011010111001010001111110110111000100101100100000
01011100100011100010001101111001000111111000100100010010011010010011110010100110
10001011001010011111110110010010001010101001011100110010111010110100011101000010
11111001101001011110011010101000011110101000111111001000011001000110001111111100
00111100001101010100100111000101101001011001111010000011101000100010000001110111
01010011101100110000110101001001101111100010111010011101111100110010100011110111
00010101010100001001010111100111111000101001100001110011000110011100110001110100
11111110101110100111101100100110111111101011010000000100000111001011011111101100
10110110000011101100110111010010101011010101011100111110010110100110001110011000
01010111111010010101001101011010101111101001001101100101011110100101110001010100
10000101111011010101011001100010100001010010000011110011111000101100010111011100
10111011101101000110101101000111100010010110110001000100100010111001011010011100
01111011011100001000101101001011111110011111111010110000111011111111101101111100
01010111011111001000110101100011011000111000101000110110100100100111001101111100
00010011010110011000010011000111001010010111110101001110100001010111111000111111
01101001101000010101111110101111100101111000101110110001010100111110010011110100
01001000001010010111001111101110110101111100000010100000001110000011101101110001
10100000111100010111010111001101101101000011111110111001100111011011101111011110
11011000111011100100101101001010111110000100010000101001111101110010111001111100
00111011001110101001010000011000110000110001000011100010110001101010101011001111
00101100010111101000101011011001101111100110110001001111000011111011000100000001
11111111101010100000001000111001011011001100101111101110011100101001111110111010
11001011100111100010000101001000001011011001001000001000111111101101110111111110
01010010111111011101011001000110101111110100111110101010110000110000100111001000
00000100011010100000111000110010010111001011011100011001111001001001101000110010
01000010101010000001110111011010100010111101100000011011001010011001000011101101
01011111111001010110101010111010010100110111010010101111100001010110011110111101
00101111100101010001100111011100010011011101001001010111001111100111010110111111
11110001001000101000001101000011000111110010000111000011010011110010011110100001
00101111010101101111110101001100011110000011100010110100010100010111001011101110
11000101101110100101000101011000110010101001101001101101011011101110000011110010
10000010011110101111110100000010000100010010101111010111001011011110011110110001
01101000010011011011010001010000110010100110000011011001100111100010011000111100
11101010001100101001100110100100111010110011000100110110110011010100001101100000
11011101101011000101111010100000100101101001001111011000111011101110000010011001
11111010110001010111100000001111111011100101110010111011011110111000100101001000
01010000111111100011101001100101111001001001111011000111010010000010011011111001
11001010011000000001111010000100111010111001111000000101111111101110011101100111
01100111100011101101100001111101101000110101010101011111101000010010001011010000
00011011011011111000110100110011000100100110011001000111111110010011011101110011
01010100101010100100011111110101011011110110111101100000101111000111100100110101
01100101011010101001010010011001100100100100000000100100000010100000011111001001
01010000100001111011001001010001100011000110000110110100010110001100000011111111
00011100001000000101100000001010110110101011111001001010111001111011010101011010
10010011101100111010011010111010111011010110001100100100100001010001100101110100
10111100111100010111000000010010101000111100000000010110111111010000100100111011
11011111000011101100110100001110010110101000011101110000000111100111001111111001
01111100100010011000101000111101001100110001100010010001111100001100101011111100
11110000101111010010101011110011101100011001100000010110110111100000001001111101
10011010000000001100100011001000111010111111001000110110100101110001000100101100
00110000101100111011000101110111110101111001100000011100101110111100010100000000
11111111100001111100000001011100010101100001110011011101110100101010011000011001
01100011101101100100011011111010000101100101110010111110100011101001111110010101
10011100000000010111011001111000111000010110011110010100011000010100000111110000
10111110101110001101011110000010010000001000001101111000010001010011110001111110
00011000110110100111111001100110000001111101011011110000100110100001101011000111
10110001111001010110001011100101100101001010111101100101111111100011101011111000
01111110101000010010111001101111001100011101000111101011011000001001010000010100
01010111011101000100111001100010110100110000010100110100010010110100100110011100
11101110010010010011010001010011111100011101000011000001001110011100101001010000
11100111001011101011111010110110100011111100111111110011011010101101111110110000
00000000010001101101011101101000101010010101101101010111100100010011101010001101
11101011000100110000110011100011010100110110110010011110010011011011100001101111
11010100000010100011000101101010100100011000001110101111110110000110110010001111
11011111110000010000001110000000001011111001010011001001001001111001100001110110
00101001110011101000101010110111011000001011101101011000101001100111100110000011
01010101100111011001001010001110010010011101010110110010001100001110101101110111
11110010010110001110100001100100111010010001001110010100001110001101010101011000
10111100010111010110110100101001010010110110000011011100110001011100001011111111
11110110000000101110000010111011000111000100000011101000000010001111010001111010
11000100110100001001010001111101000011110111101000100110111110001111100010110100
10011011011010001100101010111010000001101011001101101000000001110111010000100100
10111001000001011110101110001100111001000111110001010000101001000100110110010101
11010100001111010100101111001000001011010010000000001100011010111011000000010001
01011000001011011111010011001000001101110000011111110100100011110101100111001010
10110101000011101001011001111110001011011101000010111100000101001101011111111001
11111110000010101100000101111011011101101100111011011101100000101100001111111111
11111000101011001011100011011000100101010101110111110100011110111000111101001110
00101111101101011011010000010011000100010100101011001011011001101011001110000010
10111010000000100001110100100001110101001001111111110111111110011111010110001100
00001110100010011011110111111011100000100000101001000100100110101111101000110100
11110101000010010001000110110010001110000011110010101100100100000011110011010100
10011101110110111011010001101111111001101101100001000000001000001001011000011001
00001110111001110010011001100001110010011000110000110100111010100101010011001100
01100000100100110001111000111000010101111011011111111001101000111110011101111111
11111001000111101000000011111111011010101101100010111111101111100000010010111010
11010000001110111000100011000100001000101101010011011000101111010001100111000000
10010010101000100011001001000101000000011100000110010000110001001100000000101011
11000010000010111110100011110111100001111011010100100110011011111111111111010000
10100110001110001111010100101011101010110111011110110000110001010000010101100111
11010111010110000111010111110111110110010001111111111100101100001101111100010111
10111001001110110100110010000001110001011001011011101110111110111100010000100110
01001101110000001011111101000101000111001001101000001010100001101110010110110010
11101001111111100101000000100111101111111011010000111110100110110001001010000100
11001000100011100111010110001000001001100100100000100110111010001110110001001101
10010100001100100010010011100010001110001101101001011011100100000000010101000110
00100110101111011000011101111101110001111011110100101001101101101111110010101000
10111101010111001001000000101110010110110011000011001001000010101111001111000101
00111000110010100000100110101001001001110000100010111000100000010110010100001110
01011111101011001111001111101110100111101111101111001010010000101001100010001000
00100100100010111011101010011001001000101110110101101110110110010111011110010001
01011110101000011001100011100100011000111011011111010101000010001110001000010100
10000110001010110110110100010011110001110011010101111000000001000110100000101011
10000001001011111111011101101101110100010100111001011111010101111101101011011111
00010011100100110100101010011101100001100000111110111010110010011101100010100101
11111110101010111011101100010110011011011000110010100110001010111101100010001000
01000001000100110110011100111101000110111110101100011000000110011000011011100100
01110011100100101111110001011010010010111011000000010010001110110000011001110000
10001110111101001100110101000101101101001100111110101010100000100100111100000001
10110001001100010100010000000011010011111011111111101111100010010011010001100000
00111011011101010010010000011100001001011110001001110100110001100011111000110010
10001101011001011000011111001001001110101010010110001010111111110100100011110101
10110100100101010011111000001101110000101000111001100010100001101001010100100011
10011000100111110011111110000000111101100010000010001000011100011011100000101100
10011011111011101010100001110010000001011001101100001011111000000000000100111101
11001000101010101111000111101100001101110000000101101101010111011000001001000100
11001011010000100101000000011000011101010000101011100111010001000110101010111000
00010101101001111010101100111011111011110100010011101001111001110110111010000000
00100100001100000110100011010011010001111011000010100100001011100000011110101100
11110010010010110000000101000010011010000101111011101000011011111100011111000111
10011111111110101101001100001001010000111001001111100010101011111111011011010111
00100111101110010111101000000100010001111011000011010111010001001110111110000100
00010011111111011000100111101011000100100111000011110110111111110010110000110011
01110001000110001100001000000100101010000101000110110011001101110111101110111010
01001011101010100001100000011000011000101000111101111010000001001110110010001100
10011111110110011100110100101100100001111011110000001010000010000110101111001101
10110011110001000111000001011101010101000110110001110101111001010100111010010001
10110111001111111010111001000001001011100110111010110111100011000011110101110001
01001001011101010101000001010111010111010111111111000100111000000101000111111111
00100011101001110010111101100000110000000101001000101111010000101001001100110010
11100000011110000100101111111111011111010010100000100110110000110001110011011010
01011111101011101011010100110000011101010110100001111100000111010100000100100111
00110101100111100010001100000001101000100000000101111111101100001100011100000001
10001101001011110111001101001001011101100100000111011100101011100010111011010101
01010010010001001110011100000101001000010011111001011001000100011111110111101000
00001111110101010101010010101100