100110100100010011011110111000110001100000000010
10111110100111110101110101001110100110101001101010110010010101101110001110011001
11111000010010111101011100101110010111010000101100100111011010101100111110110001
00011111010101001111111101110101001011100110100001010001110110001100101111111101
01010101110111110101010001010101111101100111011101000000100001110001111000101011
00100101010001001011111001110111001000000100010011001000100011100001000100001111
10000100100100100101000101111010101001011001011010111111000000010110110011111000
11100010001100011100100110110110011110100111101111100101000101111110000110110111
00101010111001100010111001001100010001011000101000000011010000001110110110111111
11100000000101000000100110111000011101110101000010110110001010111000110101011100
00001000011110100110101010110100100000011001011100100110001101000010110001011001
11011111010001001001000001110111011110100110000001110000100110000010000010011110
11001110110001111011001000110111110111001111011010010111011100111000100100101010
11110110110110000000011100010010011001001110101100110010101100010101000000110101
11011011110100011100001110111001000001100001101110010111001011100000111010001000
10101100111111001010101100101111011100000001111000111110010000010000100001010101
00101001010110010101110111000010000110111101010011001111011000111101010010101101
10111101000101010000101101101100101011101010110101010010000010111110101111011101
11000001100000011110100000000000010101100111101000110110011000010100001101100000
00110110001000111101100001101011111001000110101100101001110110110000000110000011
11100001000010110110100010010100110000010011110000010101110100101111110001111111
10100100101110101011111101111110001000101101000001001111000111010101111010001000
00110011011010101100100000100011000001101000111111011101011101001100111101000000
00000110101011100111110001000110011101101101011011011010001111101011100010110100
00010100000010011110111011011011111110001000000100100011010101001111000001011000
00011011101011011010011110100100000000011001101000101001101001101100100011100111
01001101100011110001010111100110010111111011001111110110101011011101011000000010
01110100111010100110111110110011000010010101100100101101000001010010000010000101
00001011110110000101010001101110110001011110010011001111000110001111010101001100
00000010111010100101110010111000000000100001000001110110011110010101110110110101
00001101111110100000110000001000101000010100101110011111100010101101000101101100
10101110000001010000011110100111110101111001100100010000000011011100110110101101
00101101000010000111101010010011111100101000111101011011111001011001101110010110
10110001011011101111101001111100011101011010101000110110110101011010100110110011
10011101011011011100110011111101101001001000000001111111001100010101100111010100
00010000101001010100010010111101001011101100111001100101100110010111100001001001
11011100011001011010111100011110000101010000010011011000010010100111100011000110
01101100101000001011011111000000000100101011110111101001011110100111111110001100
00011010001110011010010010101110110111000010010011001001000111100101010001011010
11100101100001010001100111101001110010110000011000101110111000011101111100010110
11001100000001111110111111010101010110111011100100011001101000101101111101110010
01010011110100011111010100001011101001100000100011110010000101101010010110000011
01001111111101010001011011101111010010101011000011110000001001001100010010110100
01001000100110011100111111101100000010001101010001000010100101100100111010000111
01101011111011100011111110101111110011011100000100011101011010111011011010100100
01011101110111011000011101100100001011111001011001011010000010001000100010011011
11010011000000000010000011101111101011111010001111110001101010010111110001000110
01100100100110011111110000111101111000000010101100101010100001010010000010010001
10110101100111101000111000100010010101111010111001111101001001101100001100001110
01101011010000011111001100010011011010010011001001011101001100010010000101011001
00100100100001100111100100001001110000010111010011101110111000001001101011011100
01110101011011001010111010111110010010010000101110010111100000100010011101101011
01000100100011110111000110101100010011101110111100011010110101011001111111100001
01000100110011110000010101111110000010000001111100110101001010101011000100010001
10011110000100001010100101110111001000110110100100101000101111101011011001001100
11111010011100010111001000011000010001100011100010011001111001010111100100110100
10110001111101000000100001111110110011111000001100011111011010110001110001111110
01011100010111011111111000010010111101000000011001000001101010111100110111110010
00100100011001100100110101010000010010001011110010101001100011110010110001011000
00110010101001101100110010111000011001100101001011000100001001001010110001001001
00100111010001011110110100101110111110000000110110001011000100010101100111111011
01100001100110010001100010010100011100111110011001101001100101101011110010000111
01101001010101011010011010111100100101100110110111011011101000101001110101111111
11101110001110111011110111111000000000001101101100001100001001000000110011110100
10011101000000010010010010110101101100101011001010101100110110010111101101000111
10110001111000000010110001011000000011111001011011101110001011110110110010100100
11001111011001001000101010000100100010000111110111000111010000101110100001010011
10011001110010110010101011010111100010111010100010001011101110000000101010110010
01010101110100111101111101000101011101001000110100001100111111111010100101111010
00000011111111101001111110100001000101110110101101110000111101000101011111100101
01011100100101011010011111111101100111011010100101110001111101110111010001101000
01101000010100011110000001001101001011100010101100011100011101000101110110001100
01010010010000111111011111101011001100110010100001000000010000010110010101100111
01001100101001111010110110110100011111111101110100111101001100100111111001100100
00001100111011110100001101111001110100001010100011011001110001000101000100111101
10101100011010001001100001111011110010110110001000010001110000011100011110100001
11101000101010001011110011100101010000010110111001001011110101000101010001001000
00100110110011100101111111101101010111011100000110111010111100110110110110001010
00111101001001101100001100110100001011011110001001101111011100000110101111010010
01100111001001100101110000110100011001101101101010001000011100011100100100010011
00111101111111011001110001011100001010010011101110100010001111001000100011010111
01000101000100100011111100011010110000111111101100110100111101111111111000110000
10111011011100011111111011010100011111100110101010011111010010110101110101001010
11010001101110000101100100100000001100100000100110000111011001111011001000110100
01001111100100000100101110111000101010101100100101010100000010101011101000010111
00100011100000110001111101010011000000111010110110110011110000001000100010111001
10001111110000011011000000011010110010111100000110001011000100000100001001000100
11101110111100110101011001001100011011010010100010011110100110000111010001010010
00001011001101101111000111001110111101110110001010110100111110111101000000100011
10011011000100010101011100101001101001100010100100011010001011010001001001111011
00101010011101001100011111100001010110001011010000000111000011101100110011110000
01111010010111101011010100001011001110100111010110110000000111100011010001001001
01000010001000000001000101011100111000011001011101001110000101101110011000010011
11110110111010011000010111010010110101000001110110111100000001110110101001000000
11110111000100011101101101000110010001111101000010111101001110110000100111101000
00001101001011111011110011000011000111100001100010010010000101111100001011101100
01110110111000110101001100001100101110101001011010001001101010111100000101010110
10011010010111001011011101100000010001111100100110100001001000011001010100101111
11110101010000111111110011100100101101100010011100111111001100110011111000010010
01101101111101111101110110001001100111111010110100011001010001111100001001110111
00100000000010010110000100011010001010011000001001001001101001011110111001011001
11011101100101001001101001100100011111101101101100000110011110111100000101101011
00111000011000110011110100110110000101000011111000101110001011000100000001101110
11010111011110011111110100100111101100000010011111001111101001011011111111110000
10101000110101011001000101010000001001101100010011011101010010101110111001101001
00100010011010011001000000010001001111011100101011110111010011101110110001001000
11011011010011011011111000111111010000100110000100010100011001101111110011010001
00111110011001010001001101111011011001011000100011111001010101100100011110001011
11100101111011001000100000000100110110111010101111001000100101100011010110111011
00110111111000001011101101011011011101111001000011011110101101011111011001001000
10000000010100010110111100101001010000011010101110101011001010110111001101000111
01101011100010111100000101000010110001000110001101110110011011110100100101011101
10000101010100001001100101000100011011100010011101110000100001011001011011101110
10010101010110111101101000110111001100000001000000010010010101000011101010000101
11101100111000011111111101110110010101000001010101011111100101001100101110101011
01000010001000111100001001100010100110011111101000111101001001011010011110100011
10001011011101000100010101100001000110110110101111100011001001000011010100111001
11000010101111100100100110011000101000001000010101100101001010111101001101100001
00110101110100101001101010010110110110110010010010101111010011111100111110101111
11101111001110100001011001101100101000010110010011001111100000111110111101000100
11101100111101010011100101110101010111011100001100001101101010111010111110010110
11010100011010111101100110001010010010110011110100110100011011001101010011110000
01001110100111010100100111000100001110000111101010111111001101010101011000000000
01011001011100101001011001111110011000101011000001010011101110001001111011110110
10101110101101111110011101000100110011111000011010110010001110110000010110101011
01010110101001011110111110110011011010000100101000000110001101100111001011000001
00100011101001110000101010110000111011100111111110111001011111011010010000111000
10100010100011111001000111000100000001010011011000000010001110001010111101100111
01111010110011010111010100000010010011101110111001010110100100000001100111101000
01111000000001001100000011101100010100111001000011000000100010001011111011000001
11101110000110100001010010111100010010011111011000110101110111000100101000110110
01100110100101000011100100011000100110000000101100101111110010101011001100110010
01011110110011111111001100111111000001101000100011101001111101000100100100001111
11101011111110011001001101110001100000011001011010011010000110000110011011011011
01110110100111000000101011100010000100010100001100111101000101000110010001101101
10001011101110010101001101111000110010100110110000001000010100011010111010001101
00101000001001111110101010011010100111000110101001000010010000001100100110101111
00010000000101101010111100101010100001110011110010010001001101011111101001100000
00000101001011010001000011000110110011110010001011110101001001001110101101101100
01111100110010101111100001000111111100011011011011011010010000011110010100101001
10011110101001101010010001101000010001011111001101110000110001011001101010000011
01000101111001000101101101101000001000010100001001110100101100000101001100010111
11111010010000011000010110110011010110110101010011000100101010111011010011101011
01100000000100100011111111110110100000000001011101011000111010111010110011000111
11011000111111101110001001111110010110110000011110001011010111001010000000000001
00000001011001100110111110100010110101001011111110001111000110110010000010000100
10111110000101101111110001000001011110101000111111101110111100001101011100011011
01001010010001011100101010111111110000110001101100011100011011011001101101001011
01011011010110010011110101010000001100001110011001000011111110111101001001111100
10100111100010011100111001101101100101001100101010100100111101101111101010111010
01000101001010101011100001110110100111011010010110101110001100011110011000011101
10111001001010000101001001111000011011001010011011101110101001001010101001110011
01111100011000100111000100001001111100111011111001001110111010000110101110001000
00111001101011100011100111110010000000001110100001000000111100101100000111100110
01000000100100101111011101101101100110000010000010000000101101001110111011001010
00000110111100111000111101000100111101111110001000000000111010111010001110101100
10101101000101110100000100011101110101100010001000111010111100100001010100011101
01100001101011011101000011111010101111111100011101110111000111111111110010011010
00111100011111101000000101010000001111000000110001010010101011111001111000011011
01111001110101011000110111011000101011011100010110011111001000111111011011110000
10100101111010111111101111100111000011111000011100110111001001110000110001100011
11110000110101000010110101100010001011010001100100101101111011011011111100000011
11000000010101111100001001100011001000000110011011001001010101010110011111100010
01010101101101011011011100101111101010001001000001101001100100000101000000000010
01000101011000101011010100010100011010100101000110101101111100101011101101010011
00000000001000111010001000100001100001110101010010011111011110101001111111110010
10110011100010110101111110111000011110100011000111111010101010000100101101100101
00010100111111011100011010101100010000001010100001101000101010100010101101010111
11000000010010111010000110100011110111010111010000011001011101001000010110010101
10000010011111110001100110011010101100010110110001000001000000101110011011110111
11111000100000000000011001001100000111010101001001100101011101110001011001101100
01001111100011100100001111101010000001000000010101011010011000010000111001000000
11000111110001110101000001011010010001001000101110011011110110100001101111011011
11100000001100011110101110101110011101001111001011111110000001110111101100110000
10001010000101100000000100100010011001110110001001011101001110110000110101101111
10110010100010001101000011011101100010010001111010110110100111000001100000101010
10111100010011010101111110000000000110011100001001011101010100000001111010110011
01110001111110110000000101110110101101011100010100000101001111011110011101110101
00110100111101001011101010001011011000001000000100100010001001100001010011110010
10001011011100001001101110101001010001011001100001111011100011010001111010010101
10100101001101101011111001101100000011101100000010101011000110001110101111001000
10101001101110010010101101000011011100001100010101001110100010010101101001010101
01101110001011100110110010111101101000000000010010110010110111111111000111110011
01011101111000010111011010110011111000100001011001010011001110110100000000010101
10100001110101011000111000000011101001111111111000010000000101010011010001101010
01111010010101010000101011110101111110110011101110100100101011110111000110100001
00000100111110100110001100000100001000001100000101011101011001100111111100111100
11101000010111000111110100011100101000101011110011100111000011110001000000001000
11010000011000000001001000100001101011101001011011110100110100000100000100111101
00110101001000100011010010110101110101100110000010000001100001111110010000111010
01111000010101010010011111110100110011101011010101111111000011001011001010101110
01000100001111011001010000110001110100101100101010110001111101111000100100010101
00111100001001110101001001001111101111111001001111110001010011011101000001010000
10001001001001101000110001110011010111100100110001010110110010110011011011000010
10010100110000011100111101101011010000000111110001101100000110011101111011101001
10001101001001001000110001001101101001001000100010001101011110000100100001100010
00100110011010110101001011110110001101000101101110001001111000010111101111111011
11111001110110010011101100011000111111110100011100011100000110100110011000011101
00101000001110111100101111110011111000100111101100100111011001111000010001001011
10001010100100000011000100110001110001100010111001111000001000110011101001011101
10001001111101011110010110101101111111100100100010100011111011101011010010101010
11000011110000001101101010111001000110011101110001000001011111100100001010101011
01110011011010110011100111100101101110111100011110001111100001111001101000101000
10011010110010011011000111011010000100100000000011011011000110001101010001111111
11011010010100001010001011100000101111000010001001111010010011111101001011101000
10010011100011110101001011011110111100000100011101011110100101110101000010011001
01010101100110111100011001010011110100011111110111001011100111010001101100000111
01001001000000001011111010000100011101001110100010000001111111100111010110111101
10111101001110101011100001001110001011111011001011111001110010011001000001010001
10110010000010110101110111111010111000100100000010011001110101010010000011100111
11111011100110101011010101010101000111001010100000111111011101111001000101101010
00100001101001101101110001011100100000010100100001100000101110111110100101010100
11101011100111001001101000111100110101111000011101100000111100110101010011011110
10000111000001011001111011111110010101100111100110100100100001111010011110111110
01100111100101100001000010011001001110111111111010111010010011011111110010110110
01010110111000011000111001111011100101110100010100111001011010111010110011011110
01001101101001100110111101000010110001000110001101110010000001101001000110111110
00001110101001010000001011010110011011001101101011011110001010001100001110110100
10100110010000010111111000111010111110110110100111110001100010111011111100101001
01101100010101001110111110100000011100100001111101000001000001100110010101100100
01010011111011110101101101001111100001011111100100001000011001110001101101100010
00011110110011000000101110010011011110000101000010101100000100000011111100101110
11011011011010101001000000001100110000111011100111001011011111110100000100011001
01000000010011000111100111110110011100011000001001100110100111111001001101001001
01011000011100111100101110010000001011110001100010111100111110101000010101100101
11111110110111100000101100001110111000110010110101110101011101000111111101101010
10011000001001110000000100101000000010010001000011111111110101010001010111100010
10010100111010010000111000111111001011011111100010010111110101110110011101111001
10001001011111001101001001011001000101110001001110000101000101110111010111101100
10110010111111101101111101001100101011001110101011001011100100101011111001110101
10001010100111011000101011100000011001101101001000000101110100010001101011011111
11111100010001001111011111100100000000011000010011110100001001101110010010010100
00100011101000101011011011100010111001010101111110010000000001011010110101011000
11011110111111101000011111110101111010100001000011001011111000001101000010010001
10001111000101111110000111110000111100110011011000111001101010101100111011110011
11010000111001100111001110011010011011111100111111111111001000011000001101011100
00110101010000110111111110001101011111111001011101101000100001101110010100010011
10010100010010010000110101100111100000100011010010101001101010011001111101010010
01011001101110110001000101110011010111000001111111000110101000011001000010110000
10011111011101000111000111010111001101000110011100101011011111001100111011011101
11001111111101110010101010111110001011110011110110111010010011010110111000001101
01001000101001000110111011101011111101111010111101110101010100100100011000010000
00011011000101001111001001000001010100100100010001011001110000111001001100100110
10100111011011110010110100010100100000001001000111111010101100011100000101011000
00101101010110011110111001000011101000011010101110101100010111001000001011100011
11010001000111001110011101101000010011101000101110110111100100110110101010011101
11010011111000000111110110100000011110010010101001001111101001001000101011000110
11000100011010010110010111001110011010111011110110100111110001000000011010111110
10011001011100000010001011110011011000010010100011111110110010000100001011111011
00111001111011101010001111001101011001011001000010011110011001001110111010010011
11111101101100011000010010000010011100100110000011001100010001011000111110101000
01001010011111011110001101011010111011111110101110111001011110100111010010101110
00011001001010110101101001011000110011000100100100110100111100010111110100101010
11101001001110100110100100011110101111011100000110110100100110111000101101001011
10001001100010100111000111111011111010101000011010010100010010001101000001001101
10001101110001111100001001100111111101110000011101100111000010001110001110011111
00011101111100110101011110101111101111111100000110000001101101101000010000111111
01110111100101100111110011101110111111000100010101100111010100111101011110110010
00101101101011011101101011111110101000001100000000010111010000011100011000111000
10100111010000101000000011110010010110010000101001010100110101111010111010011001
10100110010000010111101110000000111000011101100100001101101001110100001101111001
10000001101101100011011000100110010010111101011110111100001111000001000000110101
00101010100101010101101000101011000101101010111000000100101010101000110101100101
11110011001100001010001101000011100100111011001010001101001000010101111010011010
01011111001111111101001011100010110001011111001101010001011011110010101001010000
11010101110011111111101100110011110010100001010111000001100100010101100111100011
11000101001100000100001011011111011101100101010001110001001100010101001000101010
11010101000010111110100110001011011111110111001101100101110001100010010100111111
10111011001000110000111111000001101111010101000011100111100100101101011100100010
01011110011111011000101100110010010000100111111100110101101101100001010011100001
00010100100010100111100001011011111001110000001010101111010111001011110010101111
00001111111000110101011111111101111111101101111011011000110111001110100101111011
01001001001010000010011100001001111111111101000110001011011000011110000010110000
10011100101010110011101011010000011000110111011011001101001011001000000011110010
00000011100001000010101110011101010001001110000100101010110011111101101111001001
01000001000111000010010101011101001100111101110100101100010011000101100010110110
01010011001110001000100111101001111001011111001011011100110110100101011000111110
11000010000111101001001011010011000111000000000000100100000000010111111101101011
11111001101001010101000111111001011001101011111001001101111011001001000111101010
11100000100011011111000101111001000000010101000010100001000010001101011100001100
00001001100010000011100011010010000010111011000110111111110100111101101101011011
10011100000111111100001000011001001001010000100010110000111100111101010000110000
00110100000111011011100110111010111011111101011101100000010101111111100010011000
11000100110110010111000001000111101010000000001111111001111010010101001100110001
01111110110000010110010110111110000011011100011000100001011001100000010110000010
00111100000001000010111010110101111010100111010111111100100110100010110110100101
00110000000001010011001101001010011011001000011010100000001011001010001011000111
11111001110110111110000011011000110010110000001001101101101010001100101110101111
10101100000110010010100010001110010001001100011101010001101111100010000001111111
01001010110001110000000001111111000001011110001100000000101000110111110010100101
01000101100011001000110101011110000100011110110101110001110000001010000100110001
00000100101110000010111001011111000011010001000011111110000001110110101001011010
10101001111101011000101000000000100100001000100001110001111111010011101010000100
00111001000110110000011110000101111010101111000100100001111101101010010001101101
10001100110111110100110110111100111001000110100110101110001010110101110010101011
10110111100010101110100100111000011111111001011111000101010011100100001010111001
10001001011100100011111000011010100011100010011110000100011010011111000111110101
11010111100110101110100000101110100101011101100001001101110001110110100001110010
00011001100001100100100011110001100011000001111000100110010111010100010010111010
00110111100100101000110000101001001101111010101101011010111000011000111111000111
00010010011101010011100011010000110100100111110010100011010001000001010001001101
11110100011101101001010010101001101100000001000110011000100101011101010101010110
01100010001000110110001110010010110011000110000101110010110011011011100010001001
11010101110100100110100101011111110101111001001000011011001010111010001011010011
01011011101000101011010000101000100100001111110110011111010000111011001010100101
01001011001001010010111111111100111111011101100101011110101100100011110110001011
00010010111100110111101110101011000000001000010000101110111011010001111111000111
10000000010100010011110110111000101001000001010101000000011111010001011111101010
00101000101110100001001001100101010010110000011111001010110101011010100100111101
11010011000000110010010110110000100001010001011000000111100111110000000001111001
11011001101000010010110110101101001010100111000011010000100111000110011110000011
11000001010100100010010001000010110010010110011001001011010100111010010110111010
10010011111100111110100011100101010101011110110000111011111001000111110110011110
10010110010100000110011011101010000011000101100100111001000000111011011101011110
10111010100011000111101001110110000101101100000101000001000110001000100101100010
11000101000010111000001011111111101010101111010110111011011010001100001011000101
10000011111011100000110000010111100000110001010111001111010010011101000111101101
10100101000011001100011100100110001001011001011011100010101000101111110010101010
00101001110100010011000111110110110110100010011110010111101000011001110100000101
10101110111111100101010010001100111000110010010101011010100100011010110001010110
01100100000001011110101101001000010110100011010000000101011100101010000010111000
00011011001001100011111101011001111001110000110100101001010011101100000000110000
10100001110100010111110010011111001000111000011111000011000011110001101100011110
10111101011011111101111011110110000010110010100101111100001111000011110011111110
00011111111111111101011001111001100100000100000101010101011001110111101001011100
10001000011101110111101100010010100011000110111000101010010001110100000100110100
00100111001001111000100010111111110101000010001000111001001000001011010011100110
00111010000011100001101111000110100100000101011011101101011101011110010001100100
00111101011111001110101101010000101111010101001100111000011100100100100011110111
01111110011000101001101111110101110001000001011110001001111011000011001111110100
00101011011111111111110110001011010000110001101111110111011101001010000100100010
11110110000011000010000101001110110011000011001101100001011110101010111100110000
01011100011100010010001100000111101001001010111000011000001011111000011011111100
00101111110101000001111100000010010111001100110011000011101111110000000011001001
10000111001111011000110001011000010000110101110011110011101000101101101011011011
00100101100010001011111010011110110100111010011011100011100100001111101111110101
11000001101110010101111101101001111101101111110111011110100100011001110000011110
00011001110001001001110101110101000000000110011111010001010100011101110000001110
00011111110000111000110000000111011001111011001011010011001100001111111010010001
01010011010111000111011111100100101011000100101001001101111111110101000011010110
00010010110011111010100110000011110001000111110110101010110100101001110000000011
10101011001110011100010100110000010111001001110001011101010100100110001101000111
01110111010011010111110110000010110010010011101100111101110111000000001101100001
01000010000100001000111001111101010011111110111100111011110011111011000000110100
01110101000110100010111111110011100110110000000010001101101110110101101101110101
00001111001110000110010110010111100101101100110000110001001001110001010101000111
10011000000000110111101110110001010000001101000100100001001111110110010111001111
10011011111010001101110000111000110100010000011110000111011111101001110001110011
11101001001100000011011100101001100110101111111011111101011001011000001000101011
00111010111000011111010110110011001011010001111101000001100100111101101000001000
01111100110011101000000101000110011011100010100100101110100001101100101100010000
01001001010000100001011010000010101101110001001100011111010001010100000000101111
11111001010000101110100101100111111101011111001001110010100000100100101110010001
00011010010110100111010101100010111110000111010011001000011110011110100111011100
11001011100000110010010000001111011110000011011111011101001100111110000011011000
11001001101001100000111100100110100000101011111110110000110000011010011111010011
11110000011010011011100010001110101010010010110101010011100111111010000000001110
10100110000001010110100001011010100111011000001010110111001110111001010111111001
00011101001010100100110001111010011000110000110111100100001101010001010110101110
11101011111110110000011001011101001001110010100010111111100001100011100100111011
10001001100010100111111000010100100001000001100101011100000111001001010111100111
10110101011111010110110110001011101100001111100100011100101100110001011000111101
00001110000000001100010100100110110010111100000000010011010100110011100110010001
11001010111101001101110111110110101001000110001111011010001111010100001110100011
00110011101111111110101101111010001111001001000001011011000000011100000000010100
11110100001000010000110110011101110001110001100001111100101000110111100011011010
11111100111110110001101101110001110010001100000111110100110001111110011100100010
10010010001010001001001011010100100000001010101000100000111010010001010001011101
10011101010001010101010001001001001011010110000000101001110111111111101000000010
00000001110100101111110010110111001001001101001011101001010111100011110101000001
01000111001111111001010111011000100011100101101111101111001101010010000110101001
10110111101100000100111010010001110110100110100000011101000010101101100111100001
10010001011011110000100100001111110001001000110101010111110001101100100100111001
00011010110001001101011001001000110001110100111100000001001110111010111100111011
01000100011010000000100010000110101111110000010010100101001010010010000010011011
00111011000001110111100100011011111100011111111001011010010010110110011000110000
01011100001000010011000010001001111111011000000110101110100000111110100001101011
00001101000101000010001111010100110000100111010010110101100101010011010010011101
01100100010000000111110100000000001011110000010010100001000011100011101110010111
11010011100010111010101110110101000100100011000010001100110101101001011101001010
00001001011001010101100101110011100100010001111011111110100110001111001001111100
01010100000110010111110001101111111111010000110101011110000001001001111110100010
11000001100110000111001111000011000110011010101111100101100110111000000110011100
10011001011001011110100100010111001100110000001010111010101101100110001101000010
01111010111111010000001101001011010010010000001001110011000010101000000000111000
00011011111011110011010100110110010000100111110111100011101111010110011001111101
10111000010101110011100011011111100011101000110000111001010111010010110001100110
00001111001101110010010011100111101001110100001001000111011111100001000000001011
00111001001100100010100110011110011001001010100001100100100111011100101110110000
10000011011101111110111001000000000001110011100111101101100111001111010101001010
00111011101101010001110001010011011110010001101011100011000000000110001110100110
00101110010011111010001010011111110000011101111000111010101111010001010100100101
10011000100110111111101001011011011100001000110110001001111010011111011100100111
01000010100001111100001011001010010100010010011101001110010101101000110011111010
01010101000001011110101110001011110001110001011111110010100110110100000100111001
00110011001000001011011110110100001111011010100110110011010010010011100101011010
11111001011111011101000101011100101101000111101000100101000000000111110110011000
10010100000010010001111101000001110111101100101010011101110101010000000010001110
01010010000001111110001010010110000111001100111101010111010111101101000110011000
00010001110110100011000010110111010000111111010110011000011001111101100100001000
01110110100110100111011011100110100111111100111111011001101100001010001100010111
11110110111001100101111100000111111110111101010001011100100111110101110000011111
10101010011010101011010110011001110000110111010110101101000110010101100101100100
10011100011110010000100110001011100010110111111010011011000100111110101100111000
00111110000111011111101000001100100101001010101110100110100001010000011011100101
10110010111101100001011100001000000110011101011000100111000001000100101101111001
10011010010010111100000100111000110110010000011110010101100100101001100011101000
11011111011100000111000111010100011000000100010101110101110001011110011110110101
00111111110000110110100010111001110011111001100110101001101010110010100010011101
01010100100101000010101110001101101010000000110010110111011111001100011010100010
01001010100100000111011000001101001101111000001101100001010111101110001010100111
11000111010010010011100011001110111101001000011001010000010001101101100010110010
11001000100100110010110100000001111100100100001100010110101100111100011000111001
00111000110010100011010110100111111111100110111011111111001101101011101100010001
10011100010111101011011001111100000100100001100100101111100110100111010011111110
01100011101000001111010110110001001111001100111001100100110100010101111000100010
00100010110001011011100011011011001011100111010111010111100011101100011101101111
00101100101000001111000111111111101101110101110011000000111000000110010111101101
10101100011111110111001111100010000100011000000100101101101101100100000110110000
01000100001100111001000001101001100001110001101001010011011001001110111110010001
11111010000111111010100010011101010011000000111001101110101000110011101010100000
00000110011111010010110000100110001010110101010010101010101011011000100000001001
01000001001011110110111101000000010101101011100110001011000100110010010000011011
10101001110100100111001110110011011010101010000101001100010011111111001110111110
01011011110110000110110100110011100110111001000111000010101000000100100010100000
11101011001111100010011100000011001110011110010110001110001110100001011001000010
00011110100001001100100111011111001011100110111011111111001100010001111011000111
01010000011101000101101000000010000111101110011110001010101110110101001100011011
00010100111011110011001100010000000110110010111011010001101010000100110100100101
11111110101011101110110010100111011010101010101001000110101111100100011001101010
00100110110001010101110011010010000001101110110100110110011000001000010111110110
10011001110100101010011100100000010010101011100001110000110001011111000110110000
11111011110011100111001011000110111001000100110011110110000000011101110100111111
00011101011010101110110100101001001000111010110011000001110001100100000011100010
00001011111011101111101111010110101111001101001101101001111101101000010001000011
00100111011101001111110010110101000001011001101110101111110111101011001001001110
10101000001011011000000001100000110001000101001101001111011000000101100110001110
10010001101001100010101001110101111000000000100100011001010011100111011101001100
01110111001101011101101010100001000111110010101101100101011101011001010001001010
10111000100100111010100001110110001001111010011111001010111010101110011111000000
00000101000001110101110101001111010101011001000101010000110011111010100010010010
10001101101101010111001000010111100001111001101000000010000110111011001011000010
00011010100001011100100111110011000101000101010101101001001100010011011100110000
01101010111001110101100001000000100010011010011010011011010101111110100011101111
10101111000010101100100000001100001101111010010101011100100001111011101010001011
10111100110101110001011100100001110011111000000000010101111000001001100011101010
00110100101001000100011100101001100100101101110110010010111101000110000101000100
00001101011010100011000001001110101010011110011111111010101010010010001110011101
11011110110111000110010010000100011100111110011010011101010001001111101011100111
01100001111000000011101001000010000011110011111111101101010110111010000001100110
00101010111100011101111010100110101001100000011110111000110101001000100010101100
01110010100001101101000101101110110111000001101100101111001010111000000110110000
01101100101010111110111011011111001101000111001001111000000011000001111011011001
10010101001100000101001101011100100010100001100110101001011001111001011011010100
01100110011011110011010001110011001010011111100001000010010100000011011001101010
00011011101001110100000011111011101001011001110010100111111010011011010001101100
01000011000111000101100101011001111001111100110001111101010001100010001110101100
01110100110010110011101000011111100000100110001010000100111101000000001000001001
01001001110011010010101001011011101011010101000011011101111110011011110110110010
01101010010010100100111100001000010000011100001101110001000110011001011001010101
00000110100100001101001111010001001100111000110011111100000010000101001101111110
10100111111010010101110011110101001110000100000111001100011111111100000000011111
00000110100001001000001001110111110110100100010001001001111100110000111101101001
10011101111100000111110100110010101110110000000011001111101011110011010100100010
10010010101000001000001111010010011110011011110101100101111101101001000001001000
00111110110011001100011100101110001100110000111111001001001100111101101000000100
11110001001111011000100011010000000111000001101010000101000110001100011001001101
10010111110111000101100001011101100101101000011011011011101111010110010100010100
01100010001101011011001001010010100011110011100001000001000110011011000110010101
10011100000100010000101000010111001111011101010010100000011100000011111100001111
10000010111111000110100110001101000011110110001101111010011101001110010111111011
10010111100110100011000000011101000111010100001111001101100010101010100101011110
00000100110011001001011101101001000011111000111000001101110001110010001001111000
10010001001000100011010100101110100010110010000001110001111000110110001011111101
10000000000100001110001001101001001010100010010100010000101111110110001001011100
00000010000101001111110101110111001001010011101111101111001001001111001001001010
00011110110010001000111010011001110111100111101001101000001100110001000000110011
01001100000101110101111011010111100101011101110001011100001111001011110111111010
11011110010001010001010010000111110101001000111001010010010101010101111000011101
11010100001000000010011110011110111011100001010000001100001111001111101101000000
01010010010100010100111010011001100111110001110000011011111010010001100001011111
10010100010010011111111011001110001111010101010101011001110101111011010011011110
11101101111100000101010001001110000010001101101000100010001000101110001001001010
01001110010111101001001100111011000100011111100101100100100111100110111010111001
01000110000111010011100000110100001110111011001010001100001100101100110101001011
10100101110101001011001000011110010001101010100111100000000110111101001010111110
01001100011000001101100111111001100111000000111011100100001110110101001111101001
11001100101101100111101001001011001100101000011110110011001010100110011001101001
10001101001110111001010000000001010101000110100101001011100101011000000101010111
10110110000100111110110111111001100110011000001111000111101111000011000110100111
11000010101011100110011010100111110110010100110110011001100011100110011011100011
11100111000100001001011100111111000100111001000001101001001101010010110110011010
01101100010101001101100110010110110010001001101000100010001111000100111010000010
00001101010001111100000011000001000100000110110001000111011110101100010111111000
11100010101010000001101101001101101100001001111101110111111101100011111101000000
11000001111011011000000011101100110101101110101010000100110011001011001110011000
10000011111001110001110101101110111100010111001111001101010010110111100000101111
11011000100110111011001011111101101001011010011001011010010000100000001101001111
11010010011111001101101010110100010001100000111101000111011100000101010101010100
11000011100010111111000111110010110100101010011011000001100101010100100110010110
01110000111010011011100101101000101110111100010000001110101000110011100100000101
00001110100110111100110111000010100010111111110000011100011001010101010001110101
01011001100111110101000001010001100101001101111000100111101000001000110100111110
01101101011000010110011100011111011100101010111000011000011000101101001100111100
00011111000001110000001001111101011100100101010101001101111001101011010010000001
10100001010010101000101011101011100110001101101011110101101101000001000100111100
01110010000110011011010100110010111101000001011100111100001100100111000100011001
00000111000100000110001100011011100000110001011111100001100010110110110110111101
10100100111000010100000010111111001111011100010110011111110010001001010111001001
01111111100111000001011110010101001001000100100100100111111110111001011010101001
10001101101111101111101111100101000010001000011101100010010111100011011001111100
10100000010110100010111001100111000100110101101111010111110101100000100011000001
11110001100000100010100101101110001011001010000001010101000010000001010001101101
11000011100010100011011001011111111010000100011101101011011000110101101100111110
11111101000010011000111010001010101011110011110101011010100100110111010011111001
10011010011010011011101110011110010101000001000010110001010010100000110001010100
10000110101111011001001101001101010001100101110101111001011010111011110011110101
11111111011111110110101101010100101110001001010111100001100000111100100101111111
11110011101011010101111000011001010100111010001110010111000100100111111100001011
01101110101010101111101110100100010000110010001001010010110111000011011100100100
00001110010101110100000100101011010010101001011011110000101100001010010001010010
11011000100011010100111111000000100010010110110000100111010110100111001100001010
00110000010001010001010001001010010010001111111011101110111101111011000001000011
11101100000100010111110011111010101101010010000100001011110110001111000011011110
10100011011001110010111011010111010101001000000101000010000000010101101001000110
00100100110001100110011010101001110110100111001010111000101110110000011100111101
01110010111010101100110000101001111101011001110001100000010110111111100100000000
01101111111111000011000001111011010101011001110011100001011110101000111000010111
11001111111101000101010110011100010000010101001000100101001100101011110110110011
01110010011110101001101000100010101111011100001001100011101100000001010111010110
10111100000110001101111001011101111101111011111111101001110001010010001001001110
01101011000011011110011101100101100110101011100001101000000111010000001001001101
01011010100011111100000101110100111110011001100011100100010111111111100111010100
01100000111000100011101101011101000011100011110011000111100011110101111110111101
10111001001100100100010000001111110100010011100011000101101110110100101111111000
01010101100110100100101101000110110000111000010000101110010111111011101011000001
00001010101111110001000111001110010000001101010111110010110000010100000001000001
00010100110100001001100011000101101000100110011001101010101000100101100010110101
11111100101000011110001011010100111111011100100111010000001011110010101101111100
10101011111010111101010110111011011110000110100100010100111001010101000100010101
00001001101111111111111011011001100011001110100100111011010001010011000101000001
00101001010100110001101111100110001010111011010100101001101001011101011110010111
10100111100000000000001011101001010110001001110001101000011110100000010010010110
01111111101011101111011110110000011101111100110001011110101010100000010010100101
01110110101110101100110100100111011010101111010101011011111011010000101010011111
10110101111111111100111101011001001111100110110101111100001010111111100111011100
01110110100011001001101100010010100101110111010110000111111000111011010111011011
10000110110010100000110110101010010100111001111101001011001101110000111000010110
11101111100001011010111100100111101000100011100110101011101111101001001101100110
10001111110001100101111101101010001000000111000010100000101000111110100010010110
00101000001101000001010111001011101101101111101111000011111000010011010101011001
00010101111111100010110010001110000001110011100111011001111100111101100011001010
10001010101000101000101010001100111101010101101101010111010100010000110011010001
00111110011111010111011110111000011010011101110011111000111111100010100000010110
00000111111001110011010110010100110101100001011000110000000111100010100010110010
00000000111101011100010010011101100011111100011000000100001000110010110101011001
01101000000111000011100101010001010010001010000110101110001011100000010011100001
00001000010010001110110000101000100000111100101010101000111000011000011011100000
10101000101001010000011110101110101110100000010000110110000010011111001101100000
00011101001100111100001001010100011000100011110101111111101001000101000001101111
01010011011000011110001001010100100111010011001000000010100001010100110100011111
01110001110111011111111011001011101111000111011011010000100101111000001110001011
11110111111101100100011001110101010001101100101011110110110110000111111001110110
11110010000111010111010000100111000111011011000011110101100010100101111101111011
01111001011000111001001100001100111110001011001000010001100011111010010001100000
10011010001001010111100001101100000000010101101111111000101100111100011101001000
10101110110111100111101101010011111011000101011100100111010110000111110010001000
10011111010101110001100011001101000010110001100100001010101101101111111001010001
01010101111110111100111100010110110010110010011101001001000010100011011001101110
01001011011111101001011001011011011100111010111001001011010110000110111010101000
10100110000011111101100101001010111111100011001011000110111110000111000100000100
01101011001011101000111100011000111111011000011110011000001100110000111011110111
00110001100000111001010110011001011000111000110000100010100001110000000100100010
00100011011100011010101001101000010001010101101000000011000011001010101100101011
01010000110010001110011010001010011010001101011110111111100111000110011110001001
00101100011010100101101110111000001100010001100110011010111100110111111010001110
11010100010101100001110100011110001101100000001001000000111110101001101000011100
01100001100011100101000010110101111010100110111010100001011110111000100001010110
01111000011011111001110010000000111100001111101110111010110001110001011100011101
00001011001111000101101000010110011000110100111011000010101011111000000010010110
10000110101100100110111010101000010000101010000000000111100001010101110000111010
00101100111111111001100100010000010000001110011111101101101011010000101010110101
10010111110001100011010101010001011001111000010110101011000010101111001010111000
10010110010000101100101110100011000011111011001010110110001101000111101011000110
11010000001110110111000110110001111100000011111111101100111011001111111111001010
01100100100010001011111001000101010100111001110010101101001000101000101111110010
01010101000110101101000010001111001010110101100010010010100100000111110111111110
10000001100100001000101010010111110000101000010101001110101000101101110000011011
10011011000000000011101001100001101011001000111100010001001110101010100110000101
10011010010101100110100101110101111000100110010100001011101000100000100010001001
10110011101110010110100101100010101001001001011000100110101001001001110010111110
10110010000111011101110111101111000111001111000001011100111010000111011011100010
01001001110000010000100001111101110000110110111100000010101111001011110000101111
11101010111001101011010010001111100101100110111010011000101001010100110000110000
00100010011111010100011111111000011010101011001000111011100110011111101000110000
00011110110011101000100100110011100100101000110101011111000101110110001011110000
00111000100000011100110010000001101000110101110100001110011110010001110011111111
00111011010101010010010000001101001011001101100011101011110001011011011000001010
10110101010000100000101110100001000000100111101111001011001011101010100000100101
11000011110011011001000101000010101100111111000000111101011010000100001000101001
10100110101001111000101110100101111010111100001011101010100011100101111101001000
11111010110100101111000111010001011101000010001101110010101101100011101011110010
10101101011110011000101010011100001001000110110110000110110110001100111010001111
10001001111011011011000011101011000011010100111100110111010001110011110000010001
01111110110010000011010110101010011011010101101110010001100110011001100100010110
00000111010110000001101011011001011100110000000101110001111101101001011110111001
10100110100110100010110100110001011011000010111110100000100100011000010101111101
10101110011100101111000110011001111101101110001000111100001100010011010111111101
10101011100001001100010000011000100101011100001000010011011110100110110001000010
00100001111111000001011111010101001111000101001111011011010001001001111011100011
00101010100110001101101011001011011011001100110010011111110001000111001100010001
10011101100001111011010001011010100000001011100000010010111001000101001101110010
11101011011011101101110111100100111001001001111111011001011100011110001101010011
10111011100011000011010010010110011001100110110011101000111011110111110110000011
10101110000011111100101001111000100101011010010000100110100111001010100101011110
01010100101100011000000011100110100111101101101111001111110111010010101111111010
11111010010101000011101101111000101101110111001000001000100011010001011010111101
01000011011111001000001011000110101101001101000001101101011110011011000101000100
00111011110001011011000011010110010111111101011100100111010111101001110101101000
00001111100010010001100101101001011000111011000010111001011010100101010110110100
00000001010010010101100010100011100011011000010110101011111110111100010101001000
10010111100110110011111011001011100100010001110000001100111010000110001111000110
01111011100010010010101110010010010101110100011101000001101001110000110100100010
00010100110100001010010111110010111000011100111110110101011001011000010001101101
01001111100101101011110101001110110001101111111011101111000001110000110000111010
01010111010100001001111001110001010001000110001101010110000100110101011101001101
00110101001100100100011111111011001101111101000111010000011010000000111010010100
11110001111100011000110111010101100011100000011101101000111110001111011011000100
01000000101101011110010001001111001000110000111100011110100001100111100110111111
01100110001100011101010101100000001110101110110010110011110111010110101111000101
10001010001011111001010111000111010100000001001111001101110111011110011101011101
11110111100101001101100100000101111101001011001111010100010010001101110111100111
00110101001001100110100010110101001111110001010011111010110101010101000001100101
10001010011010110010101011110010101000010100001001000001010000011011111001110101
11110101010111110111111000101110001000100101000101111010000000100100010100100011
00001111101000111011011001100100010111011010011110001001000001111110100000111101
10001010110111000010001000111100001001110100110011101010011111010100110100000001
00011110101110111000101111100100110110001001110100100111111110111000110001101010
00111110010111001000001011001110001110110100011001111001110110001011011100000111
10010110101111000100110001001101101000101100110001000011110101111010010011101000
01100011101101011011101110100101110000101000010010001111101110100001100100111100
01110000101100010000000101000101000111111100100010010110100000100110001101001010
10010111111001111001101100100101000101010111110001111011000101110100011000010100
10111100110101100011000011110011100000001000110011101100010110010000111110010011
01111010011011100110011100110101010101000111101110111111000011100001010001010100
00010101101111110001001101101101101110110010111001100100100010111101111111111011
11000010110011101011111010000010110101001100000011100010101111110010000001010100
10010000010101001111001111111110010111000011001100001110110110010000001001101010
00101100111110100100101100110010111001101001001110110101010100101001111000011110
10001111001000000010101111110001111111111100001010000101001010010111011010001110
10001101111000110001011111101111101110001110100111001001111011111101101000011110
11001011100100100111110010000111110011100000101000010110111010001010000110111011
11101100110111000111000110110011010001111001101000011001001000111001010011101011
01011001101101101011110111010100101011010001011001010110100100010010011010100010
10000000111010010110000100000110111111001001010011001111010110100011010111110101
11010101011010000101000111000010000001101101100111000010000101100010101011110111
10000010011001011111110100000110010000010101011100111000000000101100001001000110
10100001101100010111001111101000100001110011011111100110111010110101110010101000
01110010101101110000000000010100000101011011011110110010100110110100001010010111
01110100000010010000010010000000001101001011000110111111001100001100000010011101
10001011111000111010011010100101101000011001100010101001011100110110100000100011
01000100100001110111100100000001010111000010010111011010111101011010001101010101
11000001111111011111001000100100000010001110111010000110101000010101011000011000
10100010100010100111110010001001011011000000010101111100010110101101000100100010
11011110001111001101101110110111010100011111000001010100010101000100011111110110
00001111101011100001000011111111100010111001101101110000100000011101010100110010
10100110101010001100000000111010101011100100101111100011100000011111011001000000
00101011110100101010101001010000010101111101001011000111011100111100001010110000
01110000001000101011010111111111001110110001111001110001110010011001010001100110
11101001101000100110111100110000000000001001010001101111010010111001001011111111
00010000001101001000111011100101001000000111011100010011011011100101001000101100
10001011001001101010111000110000111101111000001011011100111001010110000101101011
10001010011101111001110011111111001001111101001100001111101100001110110000001101
10110100010111001110010000001101110100000111101110000101100000011100000110011001
11001111111001000001010011111100101111010110110000001000001110000010000011100110
00111101010000011001101010011001011001001101110101011101000111111001100110111100
01000100100001110101110111111111010111101010000110001000111101110110101011101011
00010001010010101111000101000110000100010111110111000011100111100000010000000111
00111101001000101100110011101111101100011011010100010001100101011000111100101000
10001111111011011000001010011110011100101111100000100001001001100111100110010110
10011101010010101111001000010010111100111001110001001111001011001011101100101011
01000111111111110111011000100010111101001011110011101101001101101101110111111101
01110111111111011000001110101000001010000000001000010111011011000011010110110101
11011100000111011010000111110100001011100111011100001001111010100111100011110110
11101110011010101010001010001000001111100111110010001001101111100110001010100101
11000010010101110101001001010101000111000101101111000000111010010001011001011010
11101101100000001111110010111000011100110011011100011000000101101111010000110111
01100001000110011100001111011101010001001000101111001111101111110100110011011010
01000010100100000000010100101101001000110100000101000101001110010100100000111100
00001000010011111111001011111101000010011000000100111110110110110100011011100001
01111011000110010011110001011010111111101100011111100010001010011111100011111001
10001011111100010101010001011000011011010100000000110011001001001010100111110011
01101011001100010010111111111010100011000101000011110000001001110001101000011101
00111010000010111111001100111000000001000101100100100011000101111001110110001111
10010101101001110001011101100001111000101010000000111010010101110001100001111000
10111001101110010001100001011100011001100101000100010101010011100010100110110110
10101100010101111100101110000100010100101011110110010111110010111000011111000100
00010101100111110100000111100111110000001110000001011110110100001001101100110111
01001101011011111101110010111010110110001111011001110111101000010101101000111000
10100111110011110100000000111111100000100111101001101011100110011011110000111011
00000110010000000101111101100000101000000110011111001001001010100111111000011111
00001100011010010011001001100101010010101011101010011010001111001011001110001110
10000100000101011000011011110110001100001011011101010001110010010100011010000110
01011001001110000111110111110111011001110011000000000011110000110000000001100100
01001010110100111001101000010111011010011100110000111001101111110011000000101010
10000000010000011010010100011001010000011000101000001100111010111101111110111010
11010001111110001011010110111000101011010011101001000001100101101011111010111001
11000010111000001111101101000001100100110001101000111100101100100011111010111010
01100010000111110000011011000111111010111110010111111011011111010001101000101010
11011010101001111011100101110011001010111111011011010101000010000000000111010100
00110011110100001010001001100100111101010111111011110110011100000111110011100000
10000011111101000101100010000011100101000110111000011001101000011011001000110000
10101001001011111110101100001110011100101001111000010001101111101111010110011001
11011111000011101101111000111000000111010111110110110001011011101010001010000000
11001101110101111011001100001111111011111000011111101001010000011011101000001011
10100001110010010111001110000110011101101000011110000100101001000100010000101000
01111001010110100001000001111101100001110101001100000111001100101101001000001100
00010110001111011011011100011100100101100101101011111000000010110110111101101110
10011010100000011111111000110010000011111010000101010001000011001011100000101011
00100010011010110000001000000101110110010111111011110000100101011010010100100111
00100010011101100000101110000000111011000111111001101001000000101100100001011010
00010111101111011010100101010101111000010111110111011100101010011001110001100101
00110101011010111111100011011001110001110010100101100011011101001011011110011010
00001111011101100010111100001000001011110011101101111111011110110111100001011101
00000110010010001010001001011001110000101010101001101101111110110001111001110010
00101011000000110100001010001111100011000100101111110000100111000011110000011100
01100110101001001100010110110100101111001001101110010010000000000100011111001101
01000001110000100000101011011111001001101110010001100100100011001111101000001000
00101101101001000001101111110100011111111010110010001010111011101011100100011111
00000100110001001100001011111001111101101011000001011001000011000011100110010011
11101101111000111001110111111100001100011111000000010000011101100100101101101010
01100001100001010110101000000010111110110111110101110010101101010011011001001010
10000011001001011100100001111101010100011101111000000110010000110011100101001111
11011100100101111010001110100110110011011000010101111111000010001110111010000111
10101001111111100100100011000111100101110101100000100010111100110100100001111011
10110110110001111001110100110110011111101111001110100110010110010110101001110010
11101100001000110100000011110001101100010101001011000101001111100110011101010000
10011101100001100111101100110010111011100001111100011001011011101110000100010011
01011001111100110111010010001111101101000000110000000100100101001010001101110011
10101001011001000000011000000000101101000101000111110110001010100010011001001000
01101000110111010000110010001101011100111101000011000000000100111001001010101111
01010011010001001010001001000110011000011110111101001110101010110000111101100001
01111110101000100101100011111110111110110001011101000111011011011000010101010111
11110010101011000001111001110100100101010101010010001000110000011000110001101011
01101111110110111110110111000001011011010010101100101110001001100010111001010011
01010000001100111111101001011101100010000000100100010010110001011001011101000011
01001010101100111011110000000011111110110100001101110111010101010110001000001110
01100000000001010001111001110010110110010001110001110111111000101010101011110011
01010001101011000111100101111101110100000100000111100110110010110010110111011110
10001000000110011101110100101000101100100010110110101101110010100111110011101100
11100000110001100010111000000101000101010010011010111111011011000010010010011000
11011101010110101000000001100010101110100011001001011100101011101001100101001101
01000011100000111000000101000010110110111110010110011011111011000001011110011011
01111110001010100101011101001000000110001000011101000111110100000101001001011000
11110101101011010000111010110000001000000010010100101000010110011101001101011111
11001101000111100010010011001101000011101001101101000010001010111101100100100000
11101101010001111001110111100101111001010101000100110101011001110011001110111011
00010101100001101011011010101100101111101001101101100110100100010000110010111111
10110010110011110010111011011010000101111010011111101000011100111111101101011000
00111000111110001101101011110000100110001110101111101010001001101111110101110000
11010010111101111111100111011010001110110000000111100001010011010101000111000001
10010111001011111000101100001011100110010100111000100000011000110100000111010011
01001111111111001101000000010110111001000100111010110100000100010011000110100101
11111101011000011100001111111111011100110000111110111110110111010001000110001111
00110101100000010100010010100011100100001011111000000111100101111011111010111110
11111100100010111110011100001001111001010000011111011011110110001011001111011101
01100101010001101000011010000101101101000011110110010000110100011111110100110101
00000101100100000011110100101000010101010110000110011101100011011101111101000000
10011011110010110010000100000110100110100110110010011000110110100111100010000100
10001100111110010101100001011000110010010010010101111011110011000011010010001101
10000011010010001100100100100111111010000010110011001101111111101001010001100110
01010010001000111010111101100110101000101111110110001010011100001101000101100101
00000111101110101001010110110011001110010000101010111000110111110111110010111101
01000110010101101011100011000001101010110011011111010111110110101111001011100101
01101010000100010001100000011010101101000001110000010100101111101110101001001110
01001110001101001011111001101110101001000010110010101100011101001101110000001010
11100000101010010100000000110010010101111111011101010110010101001011101000100001
11101100101110010001101011100011101011011000101000001010011101100010011101011110
01101011110111110011101010000000110010010100101110101001101110100100000101101011
01011110101010001100111001000110101111110011111101001100001010011010110111111001
01110011001100011001010110011011100101010101000101101000100000001010100111101101
00000001111000001101110100011001101000001111011110000100111010010011011010000110
01110001111111111010110101100101101001001100011100010001110011101110100001011110
00101010000101111010110000000000100101011110000111101011010011110011000110110110
10111110100001000000010001001001100000011111111011011110011011101010011111111010
01000001101111000011101100011011011011010001101110011010011110111101100101011111
11101101100001001011001100001000101010011011001011010100101111100011111111000000
10111111000001010010100000010100010001101000011001100101001011100010011001111001
00000010010010011101010100011011011011101100011001001000010001000010111110010111
10100011010000010100011001001101010010111010010111000100001110111011101001000001
00011111001111100100000011011101000011011100110111000011011011010000001110010100
11111010010010000011111110101001101010101110111011010110011000110010110011100010
00111011001000010110010011101101101110101011100011010101110110101100111001110001
00111111001110011011110000001000001000001100001111010101000100000010010000001111
00100010001000110100000110111111101001100111110100110010010101000101010111100010
00111010000111010000110111111111001011110101101000101101011101100100001010110000
11000000110010010001111101011111110000000110100011110010000010100010010001011100
11011101011011011001101001000111110100010101011100011100101101001000010110111101
01100001010101001101010110110111110010011001101011010101110111010011111111000001
01110101100100100001100000110101010000101001100100111111011001010101011010001101
00001001101000000011000011110111100101100011100110101111100010100010000010001100
00110010111010110101010001001101111110011011001011100101101101000111101111011100
11000101011011110011011110110001001001100010010101001110100111011100001110011100
11000110101001010011100100111010010100101010001101000100000011011111110000100101
11001110111111110010011111101111010111000100000110010101101010001111111011011101
11100000000110011100101001110010111110011010110100111100001100111111111010101000
00000101000111001010001111100110111000110011101111000011110101111011111000011110
00100001000111110010011110011101010100001110100000010110001111001011100010000011
01100010001000100001111101001101100101011110100100011111011111101000111001110100
10110100111101001101100110001111101010101110011001101001010111101000010101101000
01001101101000011001100110011100001011100110101111001010010010101010110011010000
11100010111010001010111100110100011101110011100110011000001000110001110110100000
00001010100100100010000000010001000000100101110110011111110110110110110000101100
01010011100000110010110000101000011000101111010001001110111010111101001010010101
10110111000110111111010111101111010100010101011001111100111111111100011110010100
10100000001001010010101100111000111011011111111000111110110010011011001101101100
10111111110110011111111011000000110110101010011001001000010011011110001001000100
00111101111100110010111001010110001100000011111010010011000010011000000000001110
11100011110111001010011010001011001011110001011100001101110010001011000101101100
01001111100010111111010001000011111000111010101010011000001110110010100110001010
11111110011111101001111110111101110001101001001100111000010110110010101111000110
00100010111110001101011010101011010011011010111111000110010111011011001000001010
11111000110100100000101111000111000000110110101101000111011111000100010011110010
00000110101000011000001000100001000010111010010100000110100100111000000011011001
01010010001101101001101011101011000011011111111101110111110001010100001100110001
10110110100110000011010011101100001111011001110101010111110001110101000010000110
00010101001111100111000111110001111000100011000011000110000011010101001100110101
10010110010001100011001010101011001111110101011011110111010011000011011000101011
10111000010011110111011010111010110111011011100101011101000101011101100110011011
01110000001110101010100011110011100000010111000011100001010011110001110000101010
11000101011001001110011110100001000010110101110110100010010000001101001100110101
11010000110010110010101101101001101001100110011010010000101000111111101001110100
00100001100110010001000001110110100010001011110100010110101100101000001011010101
11001010111111101110000010000100101010111101010001111100010000011110100000010010
10110010001111101000101000011101110101111111100000111111011111111111001011011011
11000100001001110010101111101111110110100011100001001111100000001111101111011011
11000010111100111010001000110001011101011101101111011100011011111011110000010000
00011010101100000110110011010111000000010010000110000001011111110100000101100101
00000110111011110010101100110010010100101110101101000100111111100011110100101110
01101000101101010111010000101000001101110110101010111001100100111001101100010101
00111001010110010000001010011100010111001100100110110010010011001001000101110001
11100100010001011101011011100001000010010011110100000010000010101011001101110000
00011111110101011011001001001010100100111010100011100111101001011111000100110110
00110110100110000000110101110001101011001011001100100100010101101010011111010101
01011000111101100100101100100001100100000001001111001111000111100000100011000010
01101000010101110111011011100100011011001111000110000000001110010010100000010100
10011101101000011100100111111010101001011011100001100101111010111010000010001111
00011100110000100000001000111000100110110100111111011100110011101011100011101101
00111010110001000101110100111011001011001110011010100110011000011010111010001111
00011100101111011001110101000100111010111101001011000101000111010000010000011111
11011011110111101011110100010001011010101011110100010010101100110001011101001101
01110111101011111001001110011101100111100000000101110110011010101111101101111011
11011000011101100101011010001010101100101010111011000111110101100100000010000010
01101100000100000011001011111110010011001001001001111001011011010100101010010001
11110100110000110001101011010101101001011011010001101000111010101100000111111101
01000011111100100010101011101001011111001011101100100010001001100111111110001100
10111110001101011000111000011111010101110100010101010010011000101101111100001100
00110110010110100000000010010000101000110101100100101000000001111011111011010010
10000100001011101000001101111110111000010011001110101010101000101101011010001010
11110001001111111000100110101010000001110100011011001010011001011010001001000111
01010101100000010011100010011100111010110001001100011001111101110001101001110000
10010101000000111010101000100000110001000001011101111101011100001001000111001101
10111010110010000010010110010100100100010000000101000010100100010011001110010010
11010110001011111101110100001010001011111100001010010011101000110010010110110001
01000011111010000110011111000010010101101001110011000111100011010101111011011101
10111001001110101011111100111011111110110100111010111101011100111111011101000011
10001011001100101100111001000010101110110001011000010100001010011000001100100101
11100110110100111100001011100000111001100000010111111111101100000100100101010010
10101001000100011110000100101001100101111100101110001001011111000001001000101000
01100111111010101111001010101110110010010011011010001011101111100000010011100000
00100110000000110010000101110111101001000000110111101011110011011110011001111001
00000011111000010110101111000000110111000110100000101110110010110010001001110011
01000110001111101010100100011101000101000010111111110100111000100010011100010111
11101000100001000101100111001011101000010101101011011001010100110110110011010001
10110001000101001100110010101010111011101001000111001000001111100011101011000001
11001010100000101100100110111101111011111010010011110110110111001101010001000010
11110011010101101001110000001101010001111011100110100100000010100000110001001010
11011110011101101111101011010100101100010001010101001111001101111001100111001001
11111000111100101010000111000010010110011000100110100111111110111000000100001110
00010111110011101111001100111111101111000001011001010000101001000011101001110010
10111011110101010111000011010010110111001101000000110010001011111010001011110111
00000101011001011001011001001010000001101110101101110100000110111100101110011010
01100001111111100001010110011101011101111001101101001100001101000001010111111000
11110010101110011110011101111010111011010001001010010101111100110011100110011100
10101100111010110100011110110011110001000110001111000101110100000010010110110111
10011011101010000001111011010111110000101011101110101110010110000100100011000001
10010000110001001100000001100000100011000011010111101111111110101000101111111000
00101111001001101111001110010101101101110010110011100100001001111011101100100111
11100001110000100100101101111100110111100000101100110000111011011000101100001101
11100101101100101101111110010010101000011011011100001110110101011000111110011111
10101011101010111100100100111101010011111010111111111100010010010000101010001011
00001010100001111111111110101110101110111011000000011011001011011010001011100000
01111001100110010001001010010101100010011001011000110011100001000011010101011000
01110101101001111010001101010010100000110111001100100111111110010011001110111111
01010100100110100001011101001011011000111110110010000010011110111001001010111100
01100110101101001110110111111011111010110101011100001100101001010100100101100010
11001100000110101010011011010101001001111000001101011100111000110010101001000111
10111010100000000111000000001111010111101100000111100010111010101001101111101011
10001111000100111001110110001110011100011001001111111111100000010011001111111011
00100000110111100010011110010001010111101110111110001111111010000110101111110010
11010101010111011111100101010000100000110010010100111001000011101000001000111000
01111010000100100110100000100100100000010010001111111110011001101100100101001110
01000011010001111000100110001010000110001100101101001101000101011001100000000111
10110110110011101100111111110110101111111010110010111100010110010110001011011110
10101110001111011100001011011100000101010001100011111011001110110101001001111000
01010111000101101001010111101000000011011101000111101001010011100100000110110000
00001011001011110001110000110001100010101111100110001000010111111011000110000011
10101001100101000001110000010010101100000011000000010111010100110101000110101111
11110010110011010011000100101001001110010111100101110111000001000010010011100010
01110100110011100011101000101111110111100010010010000100110100100011110010110010
10011100110101010101101111110101101101011000010001101010010111001101111010001001
00110110000000011000001001101010100011101000111101101101110111011001001101000100
01010111011100011001100000111111100011011010001110100011011101100001111011001000
00001001011111000001101100111101110111001010110011110000101111100010110101010011
10100111000100001000011001000011100110000101001101000011000110000110101001000010
01101011010000010111000111111010010100100111000011101110010101001111111101010101
10111100111010100010000011010001001110010011011000100101110111010101000001111000
10111111001001000001101110101100111111000000111101110110010000100111010001000011
11110010011010001000100111001110110110101011010011010010010000000100001010010111
10101100101010001111011111000110001010111111100001100011000110101000111110100010
11011010010111011110100110010010000011101111000111011001111010010100011111111010
11100111101111100011010000110010011101100000000111000001000000101111101000000111
10101110001101110110110010110001000100011000000001100100110101100010110010101111
01100100000001001110011010001000110010101100000110011000001000001000101010110000
01101110010011010110110110000100101011011100010001110000010001010101101100111110
01100001111010010001011110010001101101110011111110100010000011010011100000100111
11111010100111110010000001100111010010000011000001000010010100010000010000110011
11001000111100010000101110111111011001101110110100100000001001011100001101011001
00110011000111011001001100110010111110010011010111001111111101000011100000101100
00100010110001000000101110001000010011001010001110101111010100110110010001111001
00101110010100010100100001100110011001101000100100100111000010001010101000001101
01010101101110001101001001001000100100100110101000100101010000100110101001011111
10011101101000010011101111011000010011010100010011110110000100000010011010100100
0000101001011000111101011111001001001011110010100001010111011111